0010011926
0010012023
0009975675
0010000615
0010000623
0009983391
0009975675
0009975675
0009989012
0009975742
0009989012
0010000618
0010000620
0010000619
0009975728
0010012023
0009977009
0010000637
0010000663
0010011926
0010011955
0009987473
0009987494
0010000571
0009980797
0009983476
0009983484
0009983450
0009983390
0009977010
0009977010
0009983351
0009983431
0010000657
0010000602
0010000654
0010000610
0010000612
0010000664
0009983431
0009983431
0009983387
0009983411
0009983466
0009993105
0009973502
0009973499
0009973500
0009973501
0009973503
0009972979
0009972980
0009972981
0009972971
0009972971
0009977027
0009977027
0009972949
0009972957
0009972957
0009972956
0009972961
0009972961
0009972963
0009983445
0009975742
0009972982
0009972974
0009972972
0009972966
0009972954
0009972954
0009975641
0009975638
0009975627
0009975633
0009975639
0009975620
0009975621
0010011893
0009978640
0009983479
0009983480
0009991870
0010004235
0010006382
0010011944
0009983485
0009983489
0010000629
0010000674
0009975668
0009975718
0009975739
0009983470
0009975667
0009975667
0009975667
0009983429
0009987444
0009977067
0009977068
0009977069
0009987510
0009987510
0009987511
0009987511
0009987512
0010004315
0009975736
0009974867
0009975734
0009975734
0009975734
0010000662
0009980800
0009977051
0009975698
0009977023
0009977022
0009977024
0009983391
0009977074
0009987493
0009977038
0009977039
0009977044
0009983407
0009977061
0009987498
0009977048
0009977050
0009987496
0009976992
0009977025
0009977025
0009987472
0009980789
0009983233
0009987511
0009983488
0009977004
0009977021
0009987462
0009987462
0009976993
0009983432
0009977032
0009983412
0009983409
0009978637
0009989041
0009977029
0009977064
0009977040
0009983425
0009984363
0009984367
0009984368
0009984365
0009983391
0009980807
0009980805
0009978661
0009978662
0009978663
0009978664
0009987495
0009983467
0009991869
0009983449
0009983449
0009987494
0009980757
0009983463
0009983441
0009983475
0009987459
0009983722
0009983396
0009983396
0009983405
0009983392
0009980760
0009991809
0010004245
0009983431
0009983387
0009983411
0009987472
0009985588
0010000684
0010000586
0010000586
0010000608
0010000608
0010004235
0010000595
0010000595
0010000595
0010000618
0010000620
0010000619
0010012013
0009984390
0009984384
0009984384
0009987490
0009984391
0009984393
0009987451
0010004230
0009987475
0009987509
0009987463
0009987463
0009987488
0009987517
0009987460
0009987460
0009988911
0009987450
0009985590
0009985591
0009985592
0009989017
0009989017
0009989040
0009986294
0010000668
0009989034
0009989034
0009989023
0009989027
0009989027
0009989032
0009989032
0009989025
0009991868
0009988990
0009986293
0009989036
0009989037
0009989026
0009989026
0009989010
0009989033
0009989033
0009988913
0010011901
0010011897
0009991795
0009991798
0009991790
0009991782
0009991783
0009991784
0010011903
0010011895
0010000681
0010000682
0009991812
0009988912
0010000627
0010000627
0009991801
0009991801
0009991859
0010004266
0009991858
0009991858
0009991858
0010012051
0010012036
0010019750
0010000642
0009993440
0010000592
0009993108
0010017045
0009993103
0009993115
0010000634
0010000591
0010000591
0009998892
0010004260
0010004260
0010004260
0010004300
0010004301
0010004226
0010004226
0010004226
0010004245
0010012067
0010012068
0010012069
0010006382
0010019743
0009996037
0010004205
0010004126
0010004209
0010000596
0010000596
0010000609
0010000609
0009999436
0009994113
0010000648
0010000648
0010000580
0010000580
0009994100
0009994092
0010000570
0010000570
0009994117
0010000660
0009994106
0009994124
0010000661
0010000661
0009994122
0009994122
0010000639
0010000639
0009994125
0009999420
0010000643
0009994103
0009994103
0010000656
0009994491
0010001736
0010000667
0009994093
0009994104
0009994095
0010001737
0010006485
0010006517
0010006463
0010006522
0010006452
0010000678
0010000679
0010000680
0009999405
0009999414
0009999414
0009999414
0010004289
0010001734
0009999453
0009999455
0009999456
0009999457
0009999458
0009999454
0010004124
0010004207
0010004116
0010004112
0010004203
0010004200
0010004198
0010004206
0010004201
0010004110
0010004210
0010004114
0010004120
0010004196
0010004115
0010004118
0010004108
0010004123
0010029399
0010001733
0010000572
0010000572
0010001725
0010001726
0010001729
0010000641
0010000641
0009999451
0010001730
0010001735
0010000672
0010004306
0010004444
0010004287
0010004434
0010004435
0010000614
0010000614
0010000614
0010000614
0010000614
0010004257
0010004257
0010004304
0010004304
0010004305
0010004252
0010004308
0010004309
0010004438
0010007795
0010004439
0010006584
0010004311
0010004274
0010004213
0010004436
0010006402
0010011955
0010012353
0010012041
0010017055
0010012018
0010017042
0010012038
0010012080
0010012081
0010012356
0010012357
0010012358
0010012359
0010012360
0010012354
0010027021
0010016981
0010016993
0010017040
0010017034
0010017056
0010017057
0010016994
0010017033
0010017048
0010017049
0010017043
0010016782
0010029679
0010019754
0010025376
0010021962
0010021928
0010025376
