133839
121688
112896
127705
106120
102660
96332
108464
98841
122990
136141
111566
134395
127443
127442
127427
125758
127657
127652
127639
127637
127635
127634
127633
127631
127630
127625
127624
127621
127620
127619
127616
127615
127614
127612
127611
127610
127608
127607
127592
127589
127587
127586
127583
127581
127580
127579
127552
122959
116059
116056
116055
116054
116024
114164
113061
125953
109010
106959
109136
104421
102858
104424
124029
132063
132014
132013
132012
132011
132010
132009
132008
132007
132006
132005
132004
132003
132002
132001
132000
131999
131998
131997
131996
131995
118892
118891
118890
118889
118888
118887
118886
118885
118884
118883
118882
118881
118880
118879
118878
118877
118876
118875
100623
121677
130667
103662
136405
116773
118673
131803
96891
130103
130102
115020
114883
123792
114993
120665
98839
103812
102881
123421
115943
116602
111618
108177
116207
134459
119536
108380
104365
99770
111075
127441
123419
127854
127847
109088
137217
125828
110805
119097
132659
133821
114926
108531
108857
120668
114188
112450
103758
116110
133294
110800
111152
125664
113626
135614
136430
136417
136416
136415
136401
127573
114150
114148
114147
114799
108485
108395
106119
106118
106129
106075
96955
108856
114176
114168
113628
136411
114296
108067
108066
107916
107915
107914
107913
107912
118338
