137700
137314
137313
137312
137311
137310
137309
137308
137307
137306
137305
137304
137303
137302
137301
137300
137299
137298
137297
137296
137295
137294
137293
137292
137291
137282
137281
137280
137278
137277
137276
137275
137274
137273
137272
137271
137270
137269
137268
137267
137263
137262
137260
137259
137258
137257
137256
137255
137254
137253
137252
137251
137250
137249
137247
137203
137202
137201
137200
137199
137198
137197
137196
137195
137194
137193
137192
137191
137190
137189
137188
137187
137186
137185
137184
137183
137182
137181
137180
137179
137178
137177
137023
137022
137021
137020
137019
137018
137017
137016
137015
137014
137013
137012
137011
137010
137009
137008
137007
137006
137005
137004
137003
137002
137001
136999
136998
136977
136976
136975
136974
136973
136972
136971
136970
136968
136967
136966
136965
136964
136963
136962
136961
136959
136942
136941
136940
136939
136938
136937
136936
136935
136934
136933
136932
136931
136930
136929
136928
136882
136871
136853
136852
136851
136850
136849
136848
136847
136846
136845
136844
136843
136842
136841
136840
136839
136838
136837
136836
136835
136834
136833
136832
136831
136830
136829
136828
136827
136826
136825
136824
136823
136822
136821
136820
136819
136818
136817
136816
136815
136814
136813
136812
136811
136810
136809
136808
136807
136806
136805
136804
136803
136802
136801
136800
136799
136798
136797
136796
136795
136794
136793
136792
136791
136790
136789
136788
136785
136784
136783
136782
136781
136780
136772
136771
136770
136769
136768
136767
136766
136765
136764
136763
136762
136761
136760
136759
136683
136682
136681
136680
136679
136675
136674
136673
136672
136671
136584
136583
136582
136581
136580
136579
136578
136521
136520
136511
136510
136508
136445
136444
136442
136435
136419
136169
135563
135555
135553
135548
135546
137290
137289
137288
137287
137286
137285
137284
137283
137279
137245
137244
137243
137242
137241
137240
137239
137238
137237
137236
137235
137234
137233
137232
137231
137230
137229
137228
137227
137226
137225
137224
137223
137222
137221
137220
137219
137218
137217
137216
137215
137214
137213
137212
137211
137210
137209
137208
137207
137206
137205
137176
137175
137174
137173
137172
137171
137170
137169
137168
137167
137166
137165
137164
137163
137162
137161
137160
137159
137158
137157
137156
136956
136955
136954
136953
136952
136951
136950
136949
136948
136947
136946
136945
136944
136943
136927
136926
136925
136779
136778
136777
136776
136775
136774
136543
136542
136541
136540
136539
136538
136537
136536
136535
136534
136533
136532
136531
136530
136529
136528
136527
136526
136525
136524
136517
136516
136515
136514
136513
136506
136505
136504
136503
136502
136501
136500
136499
136498
136497
136496
136495
136494
136414
136413
136412
136408
136407
136406
136405
136400
136399
136393
136392
136391
136390
136389
136388
136387
136386
136284
136283
136282
136281
136280
136279
136278
136254
136253
136247
136246
136245
136244
136243
136242
136241
136240
136239
136238
136237
136236
136235
136234
136233
136232
136231
136230
135511
135506
135217
135142
135141
135139
135131
134763
134762
134761
134760
134759
134747
134746
134745
134744
134743
134742
134741
134740
134738
134737
134728
134727
134726
134720
134719
134718
134717
134716
134715
134714
134713
134712
134711
134710
134709
134708
134707
134700
134699
134698
134697
134696
134695
134694
134693
134692
134691
134690
134689
134687
134685
134684
134683
134682
134681
134680
134679
134678
134677
134676
134675
134674
134673
134672
134671
134670
134669
134668
134667
134666
134665
134664
134663
134662
134661
134660
134657
134656
134655
134654
134653
134652
134651
134650
134649
134647
134646
134645
134637
134636
134635
134634
134633
134632
134631
134630
134629
134619
134618
134617
134598
134597
134566
134565
134564
134563
134562
134561
134560
134559
134558
134557
134556
134555
134554
134553
134552
134551
134538
134537
134536
134535
134534
134533
134532
134531
134530
134529
134528
134527
134526
134525
134524
134523
134522
134521
134488
134486
134485
134484
134483
134482
134481
134480
134479
134478
134477
134476
134475
134474
134473
134472
134471
134470
134469
134468
134467
134466
134465
134464
134463
134462
134461
134460
134459
134458
134457
134456
134455
134454
134453
134452
134451
134450
134449
134448
134447
134446
134445
134444
134443
134442
134441
134440
134439
134438
134437
134345
134067
136773
135505
135499
134736
134735
134734
134733
134732
134731
134730
134725
134724
134723
134722
134721
134706
134705
134704
134702
134701
134644
134643
134642
134641
134640
134639
134638
134627
134599
134596
134595
134594
134593
134592
134591
134590
134589
134588
134587
134586
134585
134584
134583
134567
134550
134549
134548
134547
134546
134545
134544
134543
134542
134541
134540
134539
134520
134519
134518
134517
134516
134515
134514
134513
134512
134511
134510
134509
134508
134507
134506
134505
134504
134503
134502
134501
134500
134499
134498
134497
134496
134495
134494
134436
134435
134434
134433
134432
134431
134430
134429
134428
134427
134426
134425
134424
134400
134399
134398
134397
134396
134395
134394
134393
134392
134391
134390
134389
134388
134387
134386
133843
133842
133841
133840
133834
133828
133827
136430
136429
136428
136427
136426
136425
136424
136423
136422
136421
136420
136418
136417
136416
136415
136409
136404
136403
136402
136401
136398
136397
136396
136395
136394
136384
136383
136382
136381
136380
136285
135498
134758
134756
134755
134754
134752
134750
134749
134582
134581
134580
134579
134578
134577
134576
134575
134493
134492
134491
134490
134423
134422
134421
134420
134419
134418
134417
134416
134415
134414
134413
134412
134411
134410
134409
134408
134407
134406
134405
134404
134403
134402
134401
134385
134384
134383
134382
134381
134380
133937
133872
133871
133870
133869
133868
133867
133866
133850
133849
133848
133847
133839
133838
133837
133836
133835
133833
133820
133819
133818
133817
133816
133804
133795
133794
133793
133792
133791
133790
133789
133788
133787
133786
133785
133784
133783
133782
133781
133778
133777
133776
133775
133774
133773
133772
133771
133770
133769
133768
133767
133766
133765
133764
133763
133762
133758
133756
133751
133750
133749
133748
133747
133746
133745
133744
133743
133739
133304
133303
133302
133294
133138
133137
133136
133135
133134
133114
133113
133112
133111
133110
133109
133108
133107
133106
133105
133104
133103
133102
133101
133100
133099
133098
133097
133096
133095
133094
133093
133092
133091
133090
133089
133088
133087
133086
133085
133084
133083
133080
133079
133078
133077
133076
133075
133074
133073
133072
133071
133070
133069
133068
133067
133066
133065
133063
133062
133060
133059
133058
133057
133056
133055
133054
133053
133052
133051
133050
133049
133048
133047
133046
133045
133044
133043
133042
133041
133040
132999
132998
132997
132996
132995
132994
132993
132992
132991
132990
132989
132988
132987
132986
132985
132984
132983
132982
132981
132980
132979
132978
132977
132976
132970
132968
132960
132959
132958
132957
132956
132955
132954
132709
132708
132707
132706
132705
132704
132703
132702
132701
132700
132699
132698
132697
132683
132663
132662
132636
132633
132631
132629
132605
132604
132603
132602
132601
132600
132599
132598
132597
132596
132591
132590
132588
132587
132586
132585
132584
132583
132582
132581
132580
132579
132432
132430
132429
132428
132427
132426
132425
132424
132421
132420
132419
132418
132417
132416
132415
132414
132413
132412
132411
132410
132409
132408
132407
132406
132405
132404
132403
132386
132385
132384
132358
132355
132354
132353
132352
132351
132350
132349
132348
132347
132345
132343
132265
132264
132245
131744
134753
133865
133864
133863
133862
133860
133858
133846
133845
133844
133832
133831
133830
133826
133825
133824
133823
133822
133821
133815
133814
133813
133812
133811
133810
133809
133808
133780
133779
133761
133760
133133
133132
133131
133130
133129
133128
133127
133126
133125
133124
133123
133122
133121
133120
133119
133118
133117
133116
133115
133082
133039
133038
133037
133036
133035
133034
133033
133032
133031
133030
133029
133028
133027
133026
133025
133024
133023
133022
133021
133020
133019
133018
133017
133016
133015
133014
133013
133012
133011
133010
133009
133008
133007
133006
133005
133004
133003
133002
133001
133000
132966
132964
132962
132696
132695
132694
132693
132692
132691
132690
132689
132688
132687
132682
132675
132674
132673
132672
132671
132670
132669
132668
132667
132659
132658
132578
132400
132399
132398
132397
132396
132395
132394
132393
132392
132391
132390
132389
132388
132387
131643
131188
131063
131062
130922
130859
130678
130667
130666
130665
130664
130663
130662
130661
130660
130654
130652
130651
130650
130649
130648
130647
130646
130645
130644
130643
130633
130632
130631
130630
130629
130628
130627
130610
130609
130608
130607
130606
130605
130604
130603
130601
130600
130599
130598
130597
130596
130595
130594
130593
130592
130591
130590
130589
130588
130587
130586
130585
130584
130583
130582
130581
130580
130579
130578
130577
130576
130575
130574
130573
130570
130569
130568
130567
130566
130565
130564
130563
130562
130560
130559
130558
130557
130556
130551
130550
130549
130548
130547
130546
130545
130544
130543
130542
130541
130540
130523
130522
130521
130520
130519
130518
130517
130516
130515
130514
130512
130511
130510
130509
130508
130507
130506
130505
130504
130503
130502
130501
130500
130499
130498
130497
130496
130495
130494
130493
130492
130491
130490
130489
130485
130484
130483
130482
130481
130480
130479
130478
130477
130476
130475
130474
130473
130472
130471
130470
130469
130468
130467
130466
130465
130464
130463
130462
130461
130460
130459
130458
130457
130456
130455
130454
130453
130452
130451
130450
130446
130445
130444
130351
130350
130349
130348
130347
130346
130345
130344
130343
130342
130341
130340
130339
130338
130337
130336
130335
130334
130333
130332
130331
130330
130329
130328
130327
130326
130325
130324
130323
130322
130319
130318
130317
130316
130314
130313
130312
130311
130310
130309
130308
130307
130306
130305
130304
130303
130302
130301
130300
130299
130298
130296
130295
130294
130293
130292
130291
130290
130289
130288
130287
130285
130279
130273
130113
130112
130111
130110
130109
130108
130107
130106
130105
130104
130103
130102
129924
129923
129919
129687
129682
129625
129547
129540
129538
129537
133857
133856
133855
133854
133853
133852
132686
132685
132684
132680
132679
132678
132677
132666
132665
132655
132654
132653
132652
132651
132650
132643
132641
132639
132638
132637
132226
132224
130674
130673
130672
130671
130670
130669
130668
130659
130658
130657
130656
130655
130641
130640
130639
130638
130637
130636
130635
130634
130626
130625
130624
130623
130622
130620
130619
130618
130617
130616
130615
130614
130612
130611
130571
130561
130555
130554
130553
130552
130539
130538
130537
130536
130535
130534
130533
130532
130531
130530
130529
130528
130527
130526
130525
130524
130488
130487
130486
130315
130286
130284
130283
130282
130281
130278
130117
130116
130054
130053
130052
130051
130050
130049
130048
130047
130046
130045
130044
130043
130042
130041
130040
130039
130038
130037
130036
130035
130034
130033
130032
130031
130030
130029
130028
130026
130025
130023
130022
130021
130020
130019
130018
130017
130016
130015
130014
130013
130012
130011
130010
130009
130008
130007
130006
130005
130004
130003
129994
129993
129992
128731
128543
128284
128175
128174
128173
128172
128171
128170
128169
128168
128167
128166
128165
128164
128163
128162
128161
128160
128159
128158
128157
128156
128155
128154
128153
128152
128151
128150
128149
128148
128147
128146
128145
128144
128141
128140
128138
128137
128136
128135
128134
128133
128132
128131
128130
128129
128128
128127
128126
128125
128124
128123
128122
128121
128120
128119
128118
128117
128116
128115
128114
128113
128112
128111
128110
128109
128108
128107
128106
128105
128104
128103
128102
128101
128100
128099
128098
128097
128096
128095
128094
128093
128092
128091
128090
128089
128087
128086
128081
128080
128079
128078
128077
128076
128075
128074
128073
128072
128071
128070
128069
128068
128067
128066
128065
128064
128063
128062
128061
128060
128059
128056
128055
128054
128053
128052
128051
128050
128048
128047
128046
128045
128044
128043
128042
128041
128040
128039
128035
128030
128029
128028
128020
128019
128018
128017
128016
128015
128014
128013
128012
128011
128010
128009
128008
128007
128006
128002
128000
127999
127998
127997
127996
127995
127993
127992
127991
127990
127989
127988
127986
127985
127984
127983
127982
127972
127971
127968
127967
127966
127965
127964
127963
127962
127961
127960
127959
127958
127957
127956
127954
127953
127952
127951
127950
127949
127939
127938
127937
127936
127935
127934
127933
127931
127930
127929
127928
127927
127926
127925
127923
127922
127921
127920
127919
127918
127917
127916
127915
127914
127913
127912
127911
127910
127909
127908
127907
127906
127905
127904
127903
127902
127901
127900
127899
127898
127897
127896
127895
127894
127893
127892
127891
127890
127889
127888
127887
127886
127885
127884
127883
127882
127881
127880
127879
127878
127877
127876
127875
127874
127873
127872
127869
127868
127867
127866
127865
127864
127863
127862
127861
127860
127859
127858
127857
127856
127855
127854
127853
127852
127851
127849
127848
127847
127846
127845
127844
127710
127709
127708
127707
127706
127705
127704
127703
127702
127701
127700
127699
127698
127665
127664
127604
126929
126927
126926
126852
134757
132649
132648
132647
132646
130002
130001
130000
129999
129998
129997
129996
129995
129991
129990
129989
129988
129987
129986
129985
129984
129983
129982
129981
129980
129979
129978
129977
129976
129975
129974
129973
129972
129971
129970
129969
128143
128085
128084
128083
128082
128058
128057
128038
128001
127987
127981
127980
127979
127978
127977
127976
127975
127974
127948
127947
127946
127945
127944
127943
127942
127941
127940
127932
127871
127767
127727
127697
127696
127695
127694
127693
127692
127691
127690
127689
127688
127687
127686
127685
127684
127683
127682
127681
127663
127661
127660
127659
127658
127603
127578
127577
127570
127560
126360
126359
126347
126346
126345
126343
126342
126341
126340
126339
126338
126337
126336
126335
126333
126332
126331
126330
126329
126328
126327
126326
126325
126324
126323
126322
126321
126320
126318
126313
126312
126311
126310
126307
126306
126304
126303
126302
126301
126300
126299
126298
126297
126296
126295
126294
126293
126292
126291
126290
126289
126288
126287
126286
126285
126284
126283
126282
126281
126280
126279
126278
126276
126275
126274
126273
126272
126271
126250
126249
126248
126240
126238
126237
126235
126234
126233
126232
126231
126230
126229
126228
126227
126226
126225
126224
126223
126222
126221
126220
126219
126218
126217
126216
126215
126214
126197
126195
126194
126193
126192
126191
126190
126189
126188
126187
126186
126185
126184
126183
126182
126181
126180
126179
126178
126177
126176
126175
126174
126173
126172
126151
126150
126149
126148
126147
126146
126145
126144
126143
126142
126141
126140
126139
126138
126131
126088
125968
125967
125966
125953
125891
125888
125880
125879
125878
125877
125876
125875
125874
125873
125872
125871
125870
125869
125868
125867
125866
125865
125864
125861
125860
125859
125858
125857
125856
125855
125854
125853
125852
125851
125850
125849
125848
125847
125846
125845
125844
125843
125842
125841
125840
125839
125838
125834
125833
125832
125831
125830
125829
125828
125827
125826
125825
125824
125823
125822
125821
125820
125819
125818
125817
125760
125759
125758
125757
125756
125755
125754
125753
125752
125751
125750
125749
125747
125746
125745
125744
125730
125729
125727
125726
125722
125721
125719
125718
125717
125716
125715
125671
125664
125662
125498
125491
125484
124914
124912
124910
124908
124906
124905
124903
129967
129966
129965
129964
129963
129962
129961
129959
129958
129957
129956
129955
129954
129953
129952
129951
129950
129949
129948
129947
129946
129945
129944
129943
129942
129941
129940
129939
129938
129937
129936
129935
129934
129933
129932
129931
129930
129929
129928
129927
129926
127766
127765
127764
127763
127761
127760
127759
127758
127757
127755
127726
127680
127679
127678
127677
127676
127675
127674
127673
127672
127671
127670
127669
127668
127667
127666
127657
127656
127655
127654
127653
127652
127651
127650
127649
127648
127647
127646
127645
127644
127643
127642
127641
127640
127639
127638
127637
127636
127635
127634
127633
127632
127631
127630
127629
127628
127627
127626
127625
127624
127623
127622
127621
127620
127619
127618
127617
127616
127615
127614
127613
127612
127611
127610
127609
127608
127607
127606
127605
127601
127600
127599
127598
127597
127596
127595
127594
127593
127592
127591
127590
127589
127588
127587
127586
127585
127584
127583
127582
127581
127580
127579
127575
127574
127573
127569
127568
127559
127557
127556
127555
126316
126315
126314
126305
126268
126267
126266
126265
126264
126263
126262
126261
126260
126259
126258
126257
126256
126255
126254
126253
126252
126251
126246
126245
126244
126243
126242
126213
126212
126211
126210
126209
126208
126207
126206
126205
126204
126203
126202
126201
126200
126199
126198
126171
126170
126169
126168
126167
126166
126165
126164
126163
126162
126161
126160
126159
126158
126157
126156
126155
126154
126153
126152
126136
126135
126134
126133
126132
125887
125886
125885
125884
125883
125882
125881
125835
125816
125815
125814
125813
125812
125811
125810
125809
125808
125807
125806
125805
125804
125803
125802
125801
125800
125799
125798
125797
125796
125795
125794
125793
125792
125791
125790
125789
125788
125787
125786
125785
125784
125783
125782
125781
125780
125779
125778
125777
125776
125775
125740
125739
125728
125725
125724
125714
125713
125712
125711
125672
125670
125669
125668
125667
125666
125495
125494
125493
125492
125489
125488
125487
125486
125483
125482
125481
125480
125479
125475
125471
125470
125468
125467
125419
125418
125417
125416
125415
125414
125413
125397
124458
124451
124357
124356
124355
124354
124353
124352
124351
124350
124349
124348
124347
124346
124344
124343
124337
124336
124335
124334
124181
124180
124127
124126
124124
124123
124121
124117
124116
124114
124113
124112
124111
124110
124109
124108
124107
124106
124105
124104
124103
124102
124100
124091
124090
124089
124088
124087
124085
124084
124077
124076
124075
124074
124073
124072
124071
124070
124069
124068
124067
124066
124065
124064
124063
124062
124061
124042
124041
124040
124039
124038
124037
124036
124035
124034
124033
124032
124031
124030
124029
124028
124027
124026
124025
124024
124015
124014
124013
124012
124011
124010
124009
124008
124007
124006
124005
124004
124003
124002
124001
124000
123999
123998
123997
123995
123994
123991
123990
123989
123988
123987
123986
123985
123951
123950
123949
123948
123946
123945
123944
123891
123830
123829
123828
123827
123779
123740
123739
123738
123737
123736
123735
123734
123733
123732
123731
123730
123729
123728
123727
123726
123725
123720
123719
123718
123717
123716
123715
123714
123713
123702
123701
123700
123699
123698
123697
123696
123695
123694
123693
123692
123691
124358
124342
124341
124340
124339
124338
124122
124099
124098
124097
124081
124060
124059
124058
124057
124056
124055
124054
124053
124052
124051
124050
124049
124048
124047
124022
124021
124020
123993
123984
123983
123982
123981
123980
123979
123978
123977
123976
123971
123970
123969
123968
123967
123966
123965
123964
123963
123962
123961
123960
123959
123958
123957
123956
123955
123954
123942
123941
123940
123939
123938
123937
123936
123935
123933
123932
123931
123930
123929
123928
123927
123926
123925
123924
123923
123922
123921
123920
123919
123918
123917
123916
123915
123913
123912
123911
123910
123909
123908
123907
123906
123905
123904
123903
123902
123901
123900
123899
123898
123897
123896
123895
123894
123893
123892
123888
123887
123885
123884
123883
123882
123880
123879
123878
123877
123876
123875
123874
123873
123854
123853
123852
123851
123850
123849
123848
123847
123846
123845
123844
123843
123842
123841
123840
123839
123838
123837
123835
123834
123833
123832
123831
123826
123825
123824
123823
123822
123821
123820
123819
123818
123817
123816
123815
123814
123810
123809
123808
123807
123805
123804
123803
123802
123801
123800
123799
123798
123797
123796
123795
127754
127753
127752
127751
127749
127748
127747
127746
127745
127744
127743
127742
127741
127740
127739
127737
127736
127735
127734
127733
127732
127729
127728
127724
127723
127722
127721
127720
127719
127718
127717
127716
127715
127714
127713
127712
127711
127566
127565
127564
127562
127554
127553
127552
127551
127550
127549
127548
127373
126241
125466
125465
125464
125463
125462
125461
125460
125459
125458
125455
125451
125450
125449
125448
125447
125446
125445
125444
125443
125442
125441
125440
125439
125438
125437
125436
125435
125434
125433
125432
125431
125430
125429
125428
125427
125426
125425
125424
125423
125421
125420
125410
125409
125408
125407
125406
125405
125404
125403
125402
125401
125400
125399
125398
125396
125360
125359
125358
125357
124095
124094
124093
124092
124080
124078
124046
124045
124044
124043
124019
124018
124017
124016
123992
123975
123973
123972
123914
123872
123871
123870
123869
123868
123867
123866
123865
123864
123863
123862
123861
123860
123859
123858
123857
123856
123813
123792
123791
123790
123789
123690
123689
123688
123628
123608
123607
123606
123605
123604
123603
123602
123040
123039
123036
123033
123032
123031
123030
123029
123028
123027
123026
123021
123020
123018
123017
123016
123015
123014
123013
123012
123011
123010
123009
123008
123007
123006
123005
123004
123003
123002
123001
123000
122999
122998
122997
122996
122995
122994
122993
122992
122991
122990
122989
122988
122987
122986
122985
122984
122983
122982
122981
122980
122979
122978
122977
122976
122975
122965
122964
122962
122961
122947
122940
122583
122481
122480
122479
122478
122477
122301
122300
122299
122298
122297
122296
122295
122294
122293
122292
122291
122290
122289
122288
122287
122286
122285
122284
122283
122282
122281
122280
122279
122278
122277
122276
122275
122274
122273
122272
122271
122270
122269
122268
122267
122266
122265
122264
122263
122262
122261
122260
122259
122258
122257
122256
122255
122254
122253
122252
122251
122250
122249
122248
122247
122246
122245
122244
122243
122242
122241
122240
122239
122238
122237
122236
122235
122234
122233
122232
122231
122230
122229
122228
122227
122226
122225
122224
122223
122222
122221
122220
122219
122218
122217
122216
122215
122214
122213
122212
122211
122210
122209
122208
122207
122206
122205
122204
122203
122202
122201
122200
122199
122198
122197
122196
122195
122194
122193
122192
122191
122190
122189
122188
122187
122186
122185
122184
122183
122182
122181
122180
122179
122178
122131
122130
122129
122128
122127
122126
122125
122124
122123
122122
122121
122120
122119
122118
122117
122116
122115
122114
122113
122112
122111
122110
122109
122108
122107
122106
122105
122104
122103
122102
122101
122100
122099
122098
122097
122096
122095
122094
122093
122092
122091
122090
122089
122088
122087
122086
122085
122084
122083
122082
122081
122080
122079
122078
122077
122076
122075
122074
122073
122072
122071
122070
122069
122068
122067
122066
122065
122064
122063
122062
122061
122060
122059
122058
122057
122056
122055
122054
122053
122052
122051
122050
122049
122048
122047
122046
122045
122044
122043
122042
122041
122040
122039
122038
122037
122036
122035
122034
122033
122032
122031
122030
122029
122028
122027
122026
122025
122024
122023
122022
122021
122020
122019
122018
122017
122016
122015
122014
122013
122012
122011
122010
122009
122008
122007
122006
122005
122004
122003
122002
122001
122000
121999
121998
121997
121996
121995
121994
121993
121992
121991
121990
121989
121988
121987
121986
121985
121984
121983
121982
121981
121980
121979
121978
121977
121976
121975
121974
121951
121950
121949
121948
121947
121946
121945
121944
121943
121942
121941
121940
121939
121938
121937
121935
121780
121750
121749
121747
121746
121707
121706
121705
121704
121703
121702
121701
121700
121699
121697
121696
121695
121694
121693
121691
121690
121676
121675
121674
121673
121672
121671
121670
121669
121668
121667
121666
121665
121664
121663
121662
121661
121660
121658
121655
121654
121653
121652
121651
121650
121649
121648
121647
121646
121645
121644
121643
121642
121637
121636
121635
121633
121632
121631
121630
121629
121628
121627
121626
121625
121624
121623
121622
121621
121620
121619
121618
121617
121616
121615
121614
121608
121607
121606
121605
121604
121603
121602
121601
121600
121599
121598
121597
121596
121595
121594
121593
121592
121591
121590
121589
121588
121587
121586
121452
121450
121443
121349
121348
121344
121343
121342
121338
121337
121333
121325
121323
121318
121316
120704
120248
120241
127969
125761
123627
123481
123035
123025
123024
123023
123022
122974
122973
122972
122971
122970
122969
122968
122967
122960
122959
122958
122957
122956
122955
122954
122953
122952
122950
122949
122946
122945
122944
122943
122942
122941
122475
122474
122473
122472
122471
122470
122469
122468
122467
122466
122465
122464
122463
122462
122461
122460
122459
122458
122457
122456
122455
122454
122453
122452
122451
122450
122449
122448
122447
122446
122445
122444
122443
122442
122441
122440
122439
122438
122437
122436
122435
122434
122433
122432
122431
122430
122429
122428
122427
122426
122425
122424
122423
122422
122421
122420
122419
122418
122417
122416
122415
122414
122413
122412
122411
122410
122409
122408
122407
122406
122405
122404
122403
122402
122401
122400
122399
122398
122397
122396
122395
122394
122393
122392
122391
122390
122389
122388
122387
122386
122385
122384
122383
122382
122381
122380
122379
122378
122377
122376
122375
122374
122373
122372
122371
122370
122369
122368
122367
122366
122365
122364
122363
122362
122361
122360
122359
122358
122357
122356
122355
122354
122353
122352
122351
122350
122349
122348
122347
122346
122345
122344
122343
122342
122341
122340
122339
122338
122337
122336
122335
122334
122333
122332
122331
122330
122329
122328
122327
122326
122325
122324
122323
122322
122321
122320
122319
122318
122317
122316
122315
122314
122313
122312
122311
122310
122309
122308
122307
122306
122305
122304
122303
122302
122177
122176
122175
122174
122173
122172
122171
122170
122169
122168
122167
122166
122165
122164
122163
122162
122161
122160
122159
122158
122157
122156
122155
122154
122153
122152
122151
122150
122149
122148
122147
122146
122145
122144
122143
122142
122141
122140
122139
122138
122137
122136
122135
122134
122133
122132
121973
121972
121971
121970
121969
121968
121967
121966
121965
121964
121963
121962
121961
121960
121959
121958
121957
121956
121955
121954
121953
121698
121692
121689
121688
121687
121686
121685
121684
121683
121682
121681
121680
121679
121678
121677
121659
121613
121612
121611
121609
121350
121336
121335
120698
120697
120696
120695
120694
120693
120688
120687
120686
120680
120679
120678
120665
120664
120663
120662
120661
120660
120659
120658
120657
120656
120655
120053
120050
120049
120048
119613
119612
119611
119607
119600
119598
119597
119596
119595
119593
119592
119589
119588
119587
119586
119585
119584
119583
119582
119581
119580
119579
119571
119569
119568
119567
119566
119565
119564
119554
119553
119552
119551
119550
119548
119547
119546
119523
119522
119521
119519
119518
119517
119515
119514
119513
119512
119511
119510
119509
119508
119507
119506
119505
119504
119503
119502
119501
119500
119499
119498
119497
119496
119495
119494
119493
119492
119491
119490
119489
119487
119486
119446
119445
119444
119443
119442
119441
119440
119439
119437
119432
119388
119387
119385
119384
119383
119382
119381
119380
119377
119376
119375
119374
119372
119370
119369
119368
119367
119366
119365
119364
119363
119267
119266
119265
119264
119263
119262
119261
119260
119259
119258
119257
119256
119255
119254
119253
119252
119036
119035
119033
119032
119031
118344
118343
118342
118341
118283
118281
118280
118260
123724
123723
120703
120702
120700
120699
120692
120691
120690
120689
120685
120684
120683
120682
120681
120677
120676
120675
120674
120673
120672
120671
120670
120669
120668
120654
120653
120652
120651
120650
120649
120648
120647
120646
120645
119610
119591
119578
119577
119576
119575
119574
119573
119572
119570
119563
119562
119561
119560
119559
119558
119557
119556
119555
119545
119544
119542
119541
119540
119539
119537
119536
119535
119534
119533
119532
119531
119530
119529
119528
119527
119526
119525
119485
119484
119483
119482
119481
119480
119479
119478
119477
119476
119475
119474
119473
119472
119471
119470
119469
119468
119467
119466
119465
119464
119463
119462
119461
119460
119459
119458
119457
119456
119455
119454
119453
119452
119451
119450
119449
119448
119447
119401
119400
119399
119398
119397
119396
119395
119394
119393
119392
119391
119390
119379
119378
119112
118405
118404
118403
118402
118401
118340
118338
118337
118336
118335
118327
118326
118325
118240
118003
118001
117977
117824
117823
117822
117821
117820
117818
117817
117816
117815
117814
117813
117812
117811
117810
117809
117808
117807
117806
117805
117804
117803
117802
117801
117800
117799
117798
117638
117637
117636
117635
117634
117633
117632
117631
117630
117629
117628
117627
117626
117625
117624
117623
117622
117621
117620
117619
117618
117617
117616
117615
117614
117613
117612
117611
117610
117609
117608
117607
117606
117605
117604
117603
117602
117601
117600
117599
117598
117597
117596
117595
117594
117593
117592
117591
117590
117589
117588
117587
117586
117585
117584
117583
117582
117581
117580
117579
117578
117577
117576
117575
117574
117573
117572
117571
117570
117569
117568
117567
117566
117565
117564
117563
117562
117561
117560
117559
117558
117557
117556
117555
117554
117553
117552
117551
117550
117549
117548
117547
117546
117545
117544
117543
117542
117541
117540
117539
117538
117537
117536
117535
117534
117533
117532
117531
117530
117528
117527
117526
117525
117524
117523
117522
117521
117520
117519
117518
117517
117516
117515
117514
117513
117512
117511
117510
117509
117508
117507
117506
117505
117504
117503
117502
117501
117500
117499
117498
117497
117496
117495
117494
117493
117492
117491
117490
117489
117488
117487
117486
117485
117484
117483
117482
117481
117480
117479
117478
117477
117476
117475
117474
117473
117472
117471
117470
117469
117468
117467
117466
117464
117463
117462
117461
117460
117459
117458
117457
117456
117455
117454
117453
117452
117451
117450
117449
117448
117447
117446
117445
117444
117443
117442
117441
117440
117439
117438
117437
117436
117435
117434
117433
117432
117431
117430
117429
117428
117427
117426
117425
117424
117423
117422
117421
117420
117419
117418
117417
117416
117415
117414
117413
117412
117411
117410
117409
117408
117407
117406
117405
117404
117403
117402
117401
117400
117399
117398
117397
117396
117395
117394
117392
117391
117390
117365
116967
116966
116965
116964
116963
116961
116960
116958
116957
116935
116899
116896
116894
116893
116892
116891
116890
116889
116888
116887
116886
116885
116880
116879
116877
116876
116875
116874
116873
116870
116845
116844
116843
116842
116841
116839
116837
116835
116834
116823
116800
116799
116798
116797
116796
116795
116794
116793
116792
116791
116790
116789
116788
116787
116786
116785
116784
116783
116782
116781
116780
116779
116778
116777
116776
116775
116769
116764
116761
116760
116110
115942
121334
119599
118400
118399
118398
118396
118395
118394
118393
118392
118391
118390
118389
118388
118387
118386
118385
118384
118383
118382
118381
118380
118379
118373
118334
118333
118332
118324
118000
117998
117992
117991
117990
117989
117988
117987
117986
117985
117984
117983
117982
117981
117980
117979
117978
117976
117975
117974
117973
117972
117971
117970
117969
117968
117967
117966
117965
117964
117963
117962
117961
117960
117959
117958
117957
117956
117955
117954
117953
117952
117951
117950
117949
117948
117947
117946
117945
117944
117943
117942
117941
117940
117939
117938
117937
117936
117935
117934
117933
117932
117931
117930
117929
117928
117927
117926
117925
117924
117923
117922
117921
117920
117919
117918
117917
117916
117915
117914
117913
117912
117911
117910
117909
117908
117907
117906
117905
117904
117903
117902
117901
117900
117899
117898
117897
117896
117895
117894
117893
117892
117891
117890
117889
117888
117887
117886
117885
117884
117883
117882
117881
117880
117879
117878
117877
117876
117875
117874
117873
117872
117871
117870
117869
117868
117867
117866
117865
117864
117863
117862
117861
117860
117859
117858
117857
117856
117855
117854
117853
117852
117851
117850
117849
117848
117847
117846
117845
117844
117843
117842
117841
117840
117839
117838
117837
117836
117835
117834
117833
117832
117831
117830
117829
117828
117827
117826
117825
117819
117797
117796
117795
117794
117793
117792
117791
117790
117789
117788
117787
117786
117785
117784
117783
117782
117781
117780
117779
117778
117777
117776
117775
117774
117773
117772
117771
117770
117769
117768
117767
117766
117765
117764
117763
117762
117761
117760
117758
117757
117756
117755
117754
117753
117752
117751
117750
117749
117748
117747
117746
117745
117744
117743
117742
117741
117740
117739
117738
117737
117736
117735
117734
117733
117732
117731
117730
117729
117728
117727
117726
117725
117724
117723
117722
117721
117720
117719
117718
117717
117716
117715
117714
117713
117712
117711
117710
117709
117708
117707
117706
117705
117704
117703
117702
117701
117700
117699
117698
117697
117696
117695
117694
117693
117692
117691
117690
117689
117688
117687
117686
117685
117684
117683
117682
117681
117680
117679
117678
117677
117676
117675
117674
117673
117672
117670
117669
117668
117667
117666
117665
117664
117663
117662
117661
117660
117659
117658
117657
117656
117655
117654
117653
117652
117651
117650
117649
117648
117647
117646
117645
117644
117643
117642
117641
117640
116969
116956
116955
116954
116953
116952
116951
116950
116949
116948
116947
116946
116945
116944
116943
116942
116941
116940
116939
116897
116895
116884
116872
116871
116840
116838
116833
116832
116831
116830
116829
116828
116827
116826
116825
116821
116820
116819
116818
116817
116816
116815
116814
116813
116812
116811
116810
116809
116808
116807
116806
116805
116804
116803
116802
116801
116774
116773
116109
116103
116101
116100
116099
116098
116097
116096
116095
116094
116093
116092
116091
116090
116089
116088
116087
116086
116085
116084
116083
116069
116068
116067
116066
116064
116047
116046
116045
116044
116043
116041
116039
116016
115585
115321
115052
115051
115050
115049
115048
115047
115046
115045
115044
115042
115039
115038
115037
115036
115035
115034
115033
115032
115030
115020
115019
115018
115017
115016
115015
115014
115013
115012
115011
115010
115009
115008
115007
115006
115005
115000
114999
114998
114997
114996
114995
114994
114993
114992
114991
114990
114989
114988
114984
114983
114979
114978
114977
114976
114975
114974
114973
114972
114961
114960
114959
114956
114941
114940
114939
114938
114937
114936
114935
114934
114933
114932
114930
114929
114928
114927
114926
114925
114924
114923
114921
114920
114919
114918
114917
114916
114915
114914
114913
114912
114910
114909
114907
114906
114905
114904
114903
114902
114901
114900
114899
114897
114895
114894
114893
114892
114891
114871
114870
114869
114868
114867
114866
114865
114864
114853
114843
114842
114838
114835
114831
114830
114829
114828
114827
114826
114825
114824
114823
114822
114821
114820
114819
114818
114817
114816
114162
114161
119113
118378
118376
118374
118370
118369
118368
118367
118366
118365
118364
118363
118362
118361
118360
118359
118358
118357
118356
118355
118354
118353
118352
118351
118350
118349
118348
118347
118346
118345
117997
116108
116107
116106
116105
116104
116082
116081
116080
116079
116078
116077
116076
116075
116074
116073
116072
116071
116070
116063
116062
116061
116060
116059
116058
116057
116056
116055
116054
116053
116052
116051
116050
116037
116034
116032
116030
116028
116026
116024
116022
116020
116018
116014
116012
116010
116008
116005
116003
116001
115999
115997
115995
115993
115991
115986
115054
115053
115029
115028
115027
115026
115025
115024
115004
115003
115002
115001
114987
114986
114985
114982
114971
114970
114969
114968
114967
114966
114965
114964
114963
114962
114958
114957
114954
114953
114952
114951
114950
114947
114945
114944
114943
114942
114890
114889
114888
114887
114886
114885
114884
114883
114882
114881
114880
114878
114877
114876
114875
114874
114873
114872
114815
114813
114812
114810
114809
114808
114807
114806
114805
114804
114803
114802
114561
114200
114199
114198
114197
114196
114195
114194
114193
114192
114191
114184
114183
114182
114181
114180
114176
114175
114174
114173
114172
114171
114170
114169
114168
114160
114159
114158
114157
114156
114155
114154
114153
114151
114150
114149
114148
114147
114145
113628
113627
113626
113625
113564
113563
113561
113560
113559
113558
113557
113556
113555
113554
113553
113552
113551
113550
113549
113548
113547
113546
113545
113544
113543
113542
113541
113540
113539
113537
113536
113535
113534
113533
113532
113531
113530
113529
113528
113527
113526
113524
113522
113521
113520
113519
113518
113517
113516
113515
113514
113513
113512
113341
113340
113339
113338
113337
113336
113335
113334
113333
113332
113163
113084
113082
113081
113080
113079
113078
113073
113072
113071
113070
113069
113068
113067
113066
113064
113063
113038
113037
113036
113035
113034
113033
113032
113030
113029
113028
113027
113026
113025
113024
113023
113022
113021
113020
113019
113018
113017
113013
113012
113011
113010
113009
113008
113007
113006
113005
113004
113003
113002
113001
112999
112998
112997
112996
112995
112994
112993
112992
112991
112988
112987
112947
112946
112945
112944
112943
112942
112941
112940
112939
112938
112937
112936
112935
112934
112933
112932
112930
112929
112928
112927
112926
112925
112924
112923
112922
112921
112908
112906
112905
112904
112903
112902
112900
112899
112898
112897
112889
112678
112676
112669
112487
112485
112483
112478
112477
112476
112468
112463
112462
112461
112460
112459
112458
112457
112448
112447
112446
112445
112443
112442
112441
112440
112439
112438
112437
112436
112435
112434
112433
112432
112431
112369
111568
111567
111566
114801
114800
114799
114797
114796
114795
114190
114189
114188
114187
114186
114185
114179
114178
114177
114167
114166
114165
114164
114163
114144
114143
113511
113510
113509
113508
113507
113506
113505
113504
113503
113502
113501
113500
113499
113498
113497
113496
113495
113494
113493
113492
113491
113490
113489
113488
113487
113486
113485
113484
113483
113482
113481
113479
113478
113477
113476
113475
113474
113473
113472
113471
113470
113469
113468
113467
113466
113465
113464
113463
113462
113461
113460
113459
113458
113457
113456
113455
113454
113453
113452
113451
113450
113449
113448
113447
113446
113445
113444
113443
113442
113441
113440
113439
113438
113437
113436
113435
113434
113433
113432
113431
113430
113429
113428
113427
113426
113425
113424
113423
113422
113421
113420
113419
113418
113417
113416
113415
113414
113413
113412
113411
113410
113409
113408
113407
113406
113405
113404
113403
113402
113401
113400
113399
113398
113397
113396
113395
113394
113393
113392
113391
113390
113389
113388
113387
113386
113385
113384
113362
113361
113360
113359
113358
113357
113356
113355
113354
113353
113352
113351
113350
113349
113348
113347
113346
113345
113344
113085
113077
113076
113075
113074
113062
113016
113015
112916
112915
112914
112913
112912
112910
112909
112896
112895
112894
112893
112892
112891
112890
112888
112887
112886
112884
112467
113383
113382
113381
113380
113379
113378
113377
113376
113375
113374
113373
113372
113371
113370
113369
113368
113367
113366
113365
113364
113363
113343
113342
113061
113060
113059
113058
113057
113056
113055
113054
113053
113052
113051
113050
113049
113048
113047
113046
113045
113044
113043
113042
113041
113040
113039
112990
112911
112673
111739
111306
111152
111151
111147
111145
111143
111142
111140
111139
111137
111082
111081
111080
111079
111078
111077
111076
111075
111074
111073
111072
111071
111070
111069
111014
111013
111012
111007
111006
111005
111004
111003
111002
111001
111000
110999
110998
110997
110996
110995
110994
110993
110992
110991
110990
110989
110988
110987
110986
110985
110984
110938
110936
110935
110934
110932
110931
110930
110929
110928
110927
110926
110925
110924
110923
110922
110921
110920
110919
110918
110916
110914
110910
110827
110826
110824
110823
110822
110821
110820
110819
110818
110817
110816
110815
110814
110813
110812
110811
110810
110809
110808
110807
110806
110805
110804
110803
110802
110801
110800
110799
110798
110797
110796
110795
110794
110793
110792
110791
110790
110789
110788
110787
110786
110785
110783
110782
110781
110780
110779
110778
110777
110776
110775
110774
110773
110772
110771
110770
110769
110768
110767
110766
110763
110762
110761
110760
110759
110758
110757
110756
110755
110754
110753
110752
110751
110750
110749
110748
110747
110746
110745
110744
110743
110742
110741
110740
110739
110738
110737
110736
110735
110734
110733
110732
110731
110730
110729
110728
110727
110726
110725
110724
110723
110722
110721
110719
110718
110717
110716
110715
110714
110713
110712
110711
110710
110709
110708
110707
110705
110669
110668
110667
110666
110665
110577
110576
110575
110574
110573
110572
110571
110570
110569
110568
110567
110566
110565
110564
110563
110562
110561
110555
110554
110552
110551
110550
110549
110548
110547
110546
110545
110544
110543
110542
110541
110540
110539
110538
110537
110536
110535
110534
110533
110532
110531
110530
110529
110528
110526
110525
110524
110523
110522
110521
110520
110519
110518
110517
110512
110511
110510
110509
110507
110506
110505
110504
110503
110502
110501
110500
110499
110498
110497
110496
110489
110488
110487
110486
110485
110484
110483
110482
110477
110235
110071
109923
109921
112481
112480
112479
112475
112473
112472
112471
112470
112466
112465
112464
112456
112455
112454
112453
112452
112451
112450
112449
112429
112428
112427
112426
112425
112424
112423
112422
112421
112420
111136
111068
111067
111066
111065
111064
111063
111062
111061
110981
110980
110979
110978
110977
110976
110975
110974
110973
110972
110971
110970
110969
110968
110967
110966
110965
110964
110963
110962
110961
110960
110959
110958
110957
110955
110954
110953
110952
110951
110950
110949
110948
110947
110946
110945
110944
110943
110942
110941
110940
110939
110909
110908
110664
110527
110516
110508
110495
110481
110480
109699
109697
109693
109643
109641
109632
109631
109287
109286
109285
109284
109283
109282
109281
109280
109279
109278
109277
109276
109275
109274
109273
109272
109271
109270
109269
109268
109267
109266
109265
109264
109263
109262
109261
109260
109259
109258
109257
109256
109255
109254
109253
109252
109251
109250
109249
109248
109247
109246
109245
109243
109242
109241
109239
109238
109237
109236
109235
109232
109231
109230
109229
109228
109227
109226
109225
109224
109223
109222
109221
109220
109219
109218
109217
109216
109215
109214
109213
109212
109211
109210
109209
109208
109207
109206
109205
109204
109203
109202
109201
109200
109199
109198
109197
109196
109195
109194
109193
109192
109189
109188
109187
109186
109182
109178
109177
109176
109175
109174
109173
109172
109171
109170
109169
109166
109165
109164
109163
109162
109161
109160
109159
109158
109156
109155
109154
109153
109152
109151
109150
109149
109148
109147
109146
109145
109144
109143
109142
109140
109139
109138
109137
109136
109135
109134
109133
109132
109131
109127
109126
109125
109124
109123
109122
109121
109120
109119
109118
109117
109116
109115
109114
109113
109112
109111
109110
109109
109108
109107
109106
109104
109103
109102
109101
109100
109099
109098
109097
109096
109095
109094
109093
109092
109091
109090
109089
109088
109087
109086
109085
109084
109083
109082
109081
109080
109079
109078
109077
109076
109075
109074
109073
109072
109071
109070
109069
109068
109067
109066
109065
109064
109063
109062
109061
109060
109059
109058
109057
109056
109055
109054
109053
109052
109051
109050
109049
109048
109046
109045
109044
109043
109042
109041
109040
109039
109038
109037
109036
109035
109034
109033
109032
109031
109030
109029
109028
109027
109026
109025
109024
109023
109022
109021
109020
109019
109018
109017
109016
109015
109014
109012
109011
109010
109009
109008
109007
109006
109005
109004
109003
109002
109001
109000
108999
108998
108997
108996
108995
108994
108993
108992
108991
108990
108989
108988
108987
108986
108985
108984
108983
108982
108981
108980
108892
108891
108890
108889
108888
108887
108886
108885
108884
108883
108882
108881
108880
108879
108878
108877
108876
108874
108873
108872
108871
108870
108869
108868
108866
108865
108864
108863
108859
108858
108857
108856
108855
108853
108847
108846
108845
108844
108843
108842
108841
108826
108824
107756
107749
107736
111060
111059
111058
111057
111056
111055
111054
111053
111052
111010
111009
110670
110515
110514
110513
110494
110493
110492
110491
110490
110479
109642
109639
109638
109637
109636
109635
109634
109191
109168
109167
109157
109130
109129
109128
108979
108978
108977
108976
108975
108974
108973
108972
108971
108970
108969
108968
108967
108966
108965
108964
108963
108962
108961
108960
108959
108958
108957
108956
108955
108954
108953
108952
108951
108950
108949
108948
108947
108946
108945
108944
108943
108942
108941
108940
108939
108938
108937
108936
108935
108934
108933
108932
108931
108930
108929
108928
108927
108926
108925
108924
108923
108922
108921
108920
108919
108918
108917
108916
108915
108914
108913
108912
108911
108910
108909
108908
108907
108906
108905
108904
108903
108902
108901
108900
108899
108898
108897
108896
108895
108894
108893
108850
108840
108839
108838
108837
108836
108835
108834
108833
108832
108831
108830
108829
108828
108827
108501
108500
108499
108498
108497
108496
108495
108494
108490
108489
108488
108484
108483
108482
108481
108480
108479
108478
108477
108476
108475
108474
108473
108471
108470
108469
108468
108467
108466
108465
108464
108463
108462
108461
108460
108459
108458
108457
108456
108455
108454
108453
108452
108451
108450
108449
108448
108447
108446
108445
108444
108443
108442
108441
108440
108439
108438
108437
108436
108434
108409
108408
108385
108384
108383
108382
108381
108380
108379
108378
108377
108376
108375
108374
108373
108372
108365
108364
108363
108362
108361
108360
108359
108358
108357
108356
108355
108354
108353
108352
108351
108350
108349
108348
108347
108346
108345
108344
108343
108342
108341
108340
108339
108338
108337
108335
108313
108312
108311
108310
108309
108255
107468
107003
107002
107001
106976
106973
106972
106971
106970
106969
106968
106967
106966
106965
106964
106963
106962
106961
106960
106959
106958
106957
106955
106953
106952
106951
106950
106949
106947
106946
106945
106944
106943
106942
106940
106939
106938
106937
106936
106935
106934
106933
106932
106931
106930
106929
106928
106927
106926
106925
106924
106923
106922
106921
106920
106919
106918
106917
106916
106915
106914
106913
106912
106909
106908
106907
106906
106905
106904
106903
106902
106901
106900
106899
106898
106897
106896
106895
106894
106893
106892
106891
106890
106889
106888
106887
106886
106885
106884
106883
106882
106880
106879
106878
106877
106876
106875
106874
106873
106872
106871
106870
106869
106868
106867
106865
106863
106862
106861
106860
106805
106804
106802
106801
106800
106799
106798
106797
106796
106795
106794
106793
106791
106790
106789
106788
106787
106786
106785
106784
106783
106782
106781
106780
106779
106778
106777
106776
106725
106724
106723
106719
106718
106716
106715
106714
106713
106712
106711
106710
106709
106708
106706
106705
106704
106703
106702
106701
106700
106699
106698
106697
106696
106695
106694
106693
106692
106691
106690
106689
106688
106687
106686
106685
106684
106683
106682
106679
106675
106670
106669
106668
106667
106666
106665
106664
106663
106662
106661
106660
106659
106658
106657
106656
106655
106654
106653
106652
106651
106650
106649
106648
106647
106646
106645
106644
106643
106642
106640
106639
106638
106637
106636
106635
106634
106633
106632
106631
106630
106629
106628
106627
106626
106625
106624
106623
106622
106621
106620
106619
106618
106617
106616
106615
106614
106613
106612
106611
106610
106609
106608
106607
106606
106605
106603
106602
106601
106600
106599
106598
106597
106596
106595
106594
106593
106592
106591
106590
106589
106588
106587
106586
106585
106584
106583
106582
106581
106580
106579
106578
106577
106576
106573
106570
106569
106568
106567
106566
106565
106564
106563
106562
106560
106559
106558
106557
106556
106555
106554
106553
106551
106550
106549
106548
106547
106546
106545
106544
106543
106542
106541
106540
106539
106538
106537
106536
106535
106534
106533
106532
106531
106530
106529
106528
106527
106526
106525
106524
106523
106522
106521
106520
106519
106518
106517
106516
106515
106514
106513
106512
106511
106510
106509
106508
106507
106506
106505
106504
106503
106502
106501
106500
106499
106498
106497
106496
106495
106494
106493
106492
106491
106488
106487
106485
106484
106483
106482
106481
106480
106479
106478
106477
106476
106475
106471
106469
106468
106321
106182
106180
105699
115022
115021
112101
108493
108492
108491
108486
108485
108472
108432
108431
108430
108429
108428
108427
108426
108425
108424
108423
108422
108421
108420
108419
108418
108417
108416
108415
108414
108413
108412
108411
108410
108406
108405
108404
108403
108402
108401
108400
108399
108398
108397
108396
108395
108394
108393
108392
108391
108390
108389
108388
108387
108386
108370
108369
108368
108367
108366
108332
108330
108329
108328
108327
108326
108325
108324
108323
108322
108321
108320
108319
108317
108316
108315
108314
107000
106999
106998
106997
106996
106995
106994
106993
106992
106991
106990
106989
106988
106987
106986
106985
106984
106983
106982
106981
106980
106979
106978
106977
106975
106859
106858
106856
106855
106854
106853
106852
106851
106850
106848
106847
106846
106845
106844
106843
106842
106841
106840
106839
106838
106837
106836
106835
106834
106833
106832
106831
106830
106803
106775
106774
106773
106772
106771
106770
106769
106768
106767
106766
106765
106764
106763
106762
106761
106760
106759
106758
106757
106756
106755
106754
106753
106752
106751
106750
106749
106748
106747
106746
106745
106744
106743
106742
106741
106740
106739
106738
106737
106736
106735
106734
106733
106732
106731
106730
106729
106728
106722
106681
106674
106673
106672
106671
106575
106574
106561
106474
106473
106472
106467
106146
106145
106144
106143
106142
106141
106140
106139
106138
106137
106136
106131
106130
106128
106127
106126
106125
106124
106123
106122
106121
106120
106114
106113
106112
106111
106109
106108
106107
106106
106105
106104
106103
106102
106101
106100
106099
106098
106097
106096
106095
106094
106093
106092
106091
106090
105121
105119
105118
105096
105072
105071
105070
105069
105068
104554
104553
104550
104549
104548
104547
104546
104545
104544
104542
104541
104539
104537
104536
104535
104534
104533
104532
104531
104494
104493
104492
104488
104487
104486
104485
104484
104482
104481
104480
104479
104478
104477
104476
104475
104474
104473
104472
104471
104470
104469
104468
104467
104465
104464
104463
104462
104461
104460
104459
104458
104457
104456
104455
104454
104453
104452
104451
104450
104449
104443
104442
104441
104440
104439
104438
104437
104436
104435
104434
104433
104432
104430
104429
104428
104427
104426
104425
104424
104423
104422
104421
104420
104419
104418
104417
104416
104415
104414
104413
104407
104405
104404
104403
104402
104401
104400
104399
104398
104397
104396
104395
104394
104393
104392
104391
104390
104389
104388
104387
104386
104383
104382
104381
104380
104379
104378
104377
104376
104375
104374
104373
104372
104371
104370
104368
104367
104361
104360
104359
104358
104357
104356
104355
104354
104353
104352
104351
104350
104348
104347
104346
104345
104344
104343
104342
104341
104340
104339
104337
104336
104305
104304
104303
104302
104301
104300
104299
104298
104297
104296
104295
104294
104293
104292
104291
104290
104289
104288
104189
104175
104146
104145
104144
104143
104142
104141
104140
104139
104138
104117
104115
104113
104112
104048
103694
103693
103667
103666
103665
103664
103663
103662
103661
103660
103658
103626
103625
103624
103623
103567
103566
106678
106677
106119
106118
106089
106088
106087
106086
106085
105080
104543
104528
104527
104526
104525
104524
104495
104491
104490
104489
104448
104447
104446
104445
104431
104412
104411
104410
104409
104406
104366
104365
104364
104363
104314
104312
104311
104310
104309
104308
104287
104286
104285
104284
104283
104282
104281
104280
104279
104278
104277
104276
104275
104274
104272
104271
104270
104269
104268
104267
104266
104265
104264
104263
104262
104261
104260
104259
104258
104257
104256
104255
104254
104253
104252
104250
104249
104248
104247
104246
104245
104244
104243
104242
104241
104240
104239
104238
104237
104236
104234
104233
104232
104231
104230
104229
104228
104227
104226
104225
104224
104223
104222
104221
104220
104219
104218
104217
104216
104215
104214
104213
104212
104211
104210
104209
104208
104207
104206
104205
104204
104203
104202
104201
104200
104199
104198
104197
104196
104195
104194
104193
104192
104191
104185
104184
104182
104180
104178
104174
104173
104172
104171
104170
104169
104168
104167
104166
104165
104164
104163
104162
104161
104160
104159
104158
104157
104156
104155
104154
104153
104152
104151
104150
104149
104148
104147
104136
104135
104133
104132
104131
104130
104129
104128
104127
104126
104125
104124
104123
104122
104120
104119
104108
103980
103979
103978
103977
103976
103975
103974
103973
103972
103971
103970
103969
103968
103967
103966
103965
103940
103939
103938
103937
103936
103935
103934
103933
103932
103931
103930
103910
103909
103908
103907
103906
103905
103861
103857
103856
103855
103818
103817
103816
103815
103813
103812
103811
103810
103809
103808
103807
103806
103805
103804
103803
103802
103801
103800
103799
103798
103797
103796
103794
103793
103792
103791
103790
103789
103788
103787
103785
103784
103783
103782
103781
103780
103779
103778
103777
103776
103775
103774
103771
103770
103769
103768
103767
103766
103765
103764
103763
103762
103761
103760
103756
103755
103754
103753
103752
103751
103750
103749
103748
103747
103746
103745
103744
103743
103742
103741
103740
103739
103738
103737
103736
103735
103734
103733
103732
103731
103730
103729
103728
103727
103726
103725
103719
103718
103717
103716
103715
103714
103713
103712
103711
103710
103709
103708
103707
103706
103705
103704
103703
103702
103701
103699
103698
103697
103696
103695
103692
103691
103690
103689
103688
103687
103686
103685
103684
103683
103682
103681
103680
103679
103673
103668
103657
103656
103655
103654
103653
103652
103651
103650
103649
103648
103647
103646
103645
103644
103643
103641
103640
103639
103638
103636
103635
103634
103633
103630
103629
103628
103627
103622
103621
103620
103619
103618
103617
103616
103615
103614
103613
103612
103611
103610
103609
103608
103607
103606
103605
103604
103603
103602
103601
103600
103599
103598
103597
103596
103595
103594
103593
103592
103591
103590
103589
103588
103587
103586
103585
103584
103583
103582
103581
103580
103579
103578
103577
103576
103575
103574
103573
103572
103571
103570
103569
103568
103565
103564
103563
103562
103561
103560
103559
103558
103557
103165
103032
103031
102984
102927
102926
102924
102923
102921
102920
102918
102917
102916
102914
102913
102912
102910
102909
102892
102891
102890
102889
102887
102886
102885
102884
102883
102882
102881
102880
102877
102876
102875
102874
102873
102872
102871
102870
102869
102868
102867
102866
102865
102864
102863
102862
102861
102860
102859
102858
102857
102856
102855
102854
102851
102850
102849
102670
102669
102668
102663
102662
102661
102660
102659
102658
102657
102656
102655
102654
102653
102652
102651
102650
102649
102644
102643
102642
102641
102640
102639
102638
102637
102636
102635
102634
102633
102632
102631
102630
102629
102602
102601
102600
102599
102598
102597
102596
102595
102594
102590
102588
102587
102586
102585
102584
102583
102581
102580
102579
102578
102577
102576
102575
102574
102573
102572
102571
102570
102569
102568
102567
102566
102565
102564
102563
102562
102561
102560
102559
102558
102557
102556
102555
102554
102553
102552
102551
102550
102549
102548
102547
102546
102545
102544
102543
102542
102541
102540
102539
102538
102537
102536
102535
102534
102533
102531
102530
102529
102528
102527
102526
102525
102524
102523
102522
102521
102520
102519
102518
102516
102420
102392
102391
102390
102389
102388
102387
102386
102385
102384
102383
102382
102381
102380
102379
102378
102377
102376
102375
102374
102373
102372
102371
102370
102369
102367
102366
102365
102364
102363
102362
102360
102359
102354
102268
102267
102266
102265
102248
102247
102246
102245
102244
102243
102242
102241
102240
102239
102238
102237
102236
102235
102234
102233
102232
102231
102230
102223
102222
102221
102220
102218
102217
102216
102215
102214
102213
102212
102211
102210
102209
102208
102207
102206
102205
102204
102203
102202
102201
102200
102199
102198
102197
102196
102195
102194
102193
102192
102191
102190
102189
102188
102187
102186
102185
102184
102183
102182
102181
102180
102179
102178
102177
102176
102175
102168
102167
102166
102165
102164
102163
102162
102161
102151
102150
102132
102100
102099
102092
102091
101907
101906
101905
101904
101893
101892
101891
101861
101860
101856
101842
101841
101840
101839
101838
101837
101836
101835
101805
101804
101803
101799
101798
101797
101794
101793
101792
101791
101790
110073
104551
102848
102844
102843
102842
102841
102840
102839
102838
102837
102836
102835
102834
102831
102829
102828
102827
102826
102825
102824
102823
102822
102821
102820
102819
102818
102817
102816
102815
102667
102666
102648
102593
102592
102591
102515
102415
102414
102413
102412
102411
102410
102409
102408
102407
102406
102405
102404
102403
102402
102400
102399
102398
102397
102396
102395
102394
102393
102357
102356
102355
102352
102351
102350
102349
102348
102347
102346
102345
102344
102343
102342
102341
102340
102339
102338
102337
102336
102335
102334
102333
102332
102331
102330
102329
102328
102327
102326
102325
102324
102323
102322
102321
102320
102319
102318
102317
102316
102315
102314
102313
106676
106135
106134
106133
106132
106129
106117
106116
106115
106084
106083
106082
106081
106080
106079
106078
106077
106076
106075
106074
106073
106072
106071
106070
106069
106068
106067
106066
106065
106064
106063
106062
106061
106060
106059
104307
103989
103988
103987
103986
103984
103983
103981
103963
103962
103961
103960
103959
103958
103957
103956
103955
103954
103953
103952
103951
103950
103949
103928
103927
103926
103925
103924
103923
103914
103913
103912
103904
103903
103902
103901
103900
103899
103898
103897
103896
103895
103894
103893
103892
103891
103890
103889
103888
103887
103886
103885
103884
103883
103882
103881
103880
103879
103878
103877
103874
103873
103872
103871
103870
103869
103868
103867
103866
103865
103864
103863
103860
103859
103858
103854
103853
103724
103723
103722
103721
103720
103700
103632
103631
102853
102852
102647
102646
102645
102229
102228
102227
102226
102174
102173
102172
102171
102170
102169
102156
102155
102154
102153
102152
102149
102147
102146
102145
102144
102143
102142
102141
102140
102139
102138
102137
102136
102135
102130
102129
102128
102127
102126
102125
102124
102123
102122
102121
102120
102119
102118
102117
102116
102115
102114
102113
102112
102111
102110
102109
102108
102107
102106
102105
102104
102103
101903
101901
101900
101899
101898
101897
101896
101895
101894
101890
101889
101888
101887
101886
101864
101863
101862
101858
101857
101855
101854
101853
101852
101851
101850
101849
101848
101847
101846
101845
101834
101833
101832
101831
101830
101829
101828
101827
101825
101824
101823
101822
101821
101820
101819
101818
101817
101816
101815
101814
101813
101812
101811
101810
101809
101808
101807
101801
101800
101796
101795
101789
101788
101787
101786
101785
101784
101783
101782
101781
101780
101779
101778
101777
101776
101775
101774
101773
101772
101771
101770
101769
101768
101767
101766
101765
101764
101763
101761
101760
101759
101758
101757
101756
101755
101754
101753
101752
101751
101750
101749
101748
101747
101746
101264
101153
101152
101151
101150
101149
101148
101147
101146
101145
101144
101142
101141
101140
101139
101138
101137
101136
101135
100967
100966
100965
100964
100963
100962
100961
100960
100959
100957
100956
100955
100954
100953
100952
100951
100950
100949
100948
100947
100946
100945
100944
100943
100942
100941
100940
100939
100938
100937
100936
100935
100934
100933
100932
100931
100930
100929
100928
100786
100785
100784
100783
100782
100781
100759
100758
100757
100756
100755
100754
100753
100752
100751
100750
100749
100748
100747
100746
100745
100744
100743
100742
100741
100739
100738
100737
100736
100735
100734
100733
100732
100731
100730
100729
100728
100727
100726
100725
100724
100723
100722
100698
100683
100682
100681
100653
100623
100622
100621
100620
100619
100618
100617
100616
100615
100614
100613
100612
100611
100610
100609
100608
100607
100606
100605
100604
100603
100602
100601
100600
100599
100598
100597
100596
100594
100593
100592
100591
100590
100589
100588
100586
100585
100584
100583
100582
100581
100580
100579
100578
100577
100576
100575
100574
100573
100572
100571
100570
100567
100565
100564
100563
100562
100561
100560
100559
100558
100557
100556
100555
100554
100553
100552
100551
100550
100548
100547
100546
100543
100542
100541
100540
100539
100538
100537
100536
100535
100534
100533
100532
100531
100530
100529
100528
100527
100526
100525
100503
100502
100499
100498
100497
100496
100495
100494
100493
100492
100491
100490
100489
100488
100487
100486
100485
100484
100483
100472
100471
100457
100456
100455
100454
100453
100452
100451
100450
100449
100448
100447
100446
100445
100444
100443
100442
100441
100440
100439
100438
100437
100436
100435
100434
100433
100432
100431
100430
100429
100428
100427
100426
100425
100424
100423
100422
100421
100420
100419
100418
100417
100416
100415
100414
100413
100412
100408
100407
100406
100405
100404
100403
100402
100401
100400
100399
100398
100397
100396
100395
100393
100362
100361
100360
100359
100358
100357
100356
100355
100354
100353
100352
100351
100350
100348
100347
100314
100313
100312
100311
100310
100264
100263
100262
100261
100245
100244
100243
100242
100225
100224
100223
100222
100221
100220
100219
100218
100217
100216
100215
100214
100213
100212
100211
100210
100209
100208
100207
100206
100205
100204
100200
100196
100195
100194
100193
100192
100191
100190
100189
100188
100187
100186
100185
100184
100183
100182
100181
100180
100179
100178
100177
100176
100175
100174
100173
100172
100171
100170
100169
100168
100167
100166
100165
100164
100163
100162
100161
100160
100159
100158
100157
100156
100155
100154
100153
100152
100151
100150
100149
100148
100147
100146
100145
100144
100143
100142
100141
100140
100139
100138
100137
100136
100135
100134
100133
100132
100131
100130
100129
100128
100127
100126
100125
100124
100123
100122
100121
100120
100119
100118
100117
100116
100115
100114
100047
100034
100033
100016
100015
100014
100013
100012
100011
100010
99937
99936
99935
99934
99933
99828
99827
99824
99823
99822
99821
99820
99819
99818
99817
99816
99815
99813
99812
99811
99810
99809
99808
99801
99800
99798
99797
99770
99768
127489
110072
104523
104522
104521
104520
104519
104518
104517
104516
104515
104514
104513
104512
104511
104510
104509
104508
104507
104506
104505
104504
104503
104502
104501
104500
104498
104497
104496
103948
103947
103946
103945
103944
103943
103942
103941
103921
103920
103919
103918
103917
103916
103915
103876
103875
103862
103852
103851
103850
103849
103848
103759
103758
103757
102627
102626
102625
102624
102622
102621
102616
102615
102614
102613
102612
102264
102263
102262
102261
102260
102259
102258
102257
102256
102255
102254
102253
102252
102251
102250
102134
101134
101133
101132
101131
101130
100958
100927
100926
100925
100924
100923
100922
100921
100920
100919
100917
100916
100915
100914
100913
100912
100911
100910
100909
100908
100907
100906
100905
100904
100903
100902
100901
100900
100899
100898
100897
100896
100895
100894
100893
100892
100891
100890
100889
100888
100887
100886
100885
100884
100883
100882
100881
100880
100879
100878
100877
100876
100875
100874
100873
100872
100871
100870
100869
100868
100867
100866
100865
100864
100863
100862
100861
100860
100859
100858
100857
100856
100855
100854
100853
100852
100851
100850
100849
100848
100847
100846
100845
100844
100843
100842
100841
100840
100839
100838
100837
100836
100835
100834
100833
100832
100831
100830
100829
100828
100827
100826
100825
100824
100823
100822
100821
100820
100819
100818
100817
100816
100815
100814
100813
100812
100811
100810
100809
100808
100807
100806
100805
100804
100803
100802
100801
100800
100799
100798
100797
100796
100795
100794
100793
100792
100791
100790
100780
100779
100778
100777
100776
100775
100774
100773
100772
100771
100770
100769
100768
100767
100766
100765
100764
100763
100762
100761
100760
100721
100720
100673
100650
100649
100648
100647
100646
100645
100640
100639
100638
100637
100636
100635
100634
100633
100632
100631
100630
100629
100628
100627
100626
100625
100624
100595
100523
100521
100520
100519
100518
100517
100516
100515
100514
100513
100511
100510
100509
100508
100507
100506
100501
100500
100481
100480
100479
100478
100477
100476
100475
100474
100473
100391
100390
100389
100388
100387
100386
100385
100384
100383
100382
100381
100380
100379
100378
100377
100376
100375
100374
100373
100372
100371
100370
100369
100368
100367
100366
100363
100346
100345
100344
100343
100342
100341
100340
100339
100338
100337
100336
100335
100334
100332
100331
100324
100323
100322
100321
100320
100319
100318
100309
100307
100306
100305
100304
100303
100301
100300
100299
100298
100297
100296
100295
100294
100293
100292
100291
100290
100289
100288
100287
100286
100285
100284
100283
100282
100281
100280
100279
100278
100277
100276
100275
100274
100273
100272
100270
100269
100268
100267
100266
100260
100259
100258
100257
100256
100255
100254
100253
100252
100251
100250
100249
100247
100246
100241
100240
100239
100238
100237
100236
100235
100234
100233
100232
100231
100230
100229
100228
100203
100202
100201
100197
100113
100112
100111
100110
100109
100108
100107
100106
100105
100104
100103
100102
100101
100100
100099
100098
100097
100096
100095
100094
100093
100092
100091
100090
100089
100088
100087
100086
100085
100084
100083
100077
100076
100075
100074
100073
100072
100071
100070
100069
100068
100067
100066
100065
100064
100063
100062
100061
100060
100059
100058
100057
100056
100046
100045
100044
100038
100032
100031
100030
100029
100028
100027
100026
100025
100024
100023
100022
100021
100020
100019
100009
100008
100007
100006
100005
100004
100003
100002
100001
100000
99999
99998
99997
99996
99995
99994
99993
99992
99991
99990
99989
99988
99987
99986
99985
99984
99983
99982
99981
99980
99979
99978
99977
99976
99975
99974
99973
99972
99971
99970
99969
99968
99967
99966
99965
99964
99963
99962
99961
99960
99959
99958
99957
99956
99955
99954
99953
99952
99951
99932
99931
99930
99929
99928
99927
99806
99799
99796
99795
99148
99145
98893
98892
98891
98890
98879
98878
98877
98876
98875
98874
98873
98872
98871
98870
98869
98868
98867
98866
98865
98864
98862
98861
98860
98859
98858
98857
98856
98855
98854
98853
98852
98851
98850
98849
98848
98847
98846
98845
98844
98843
98842
98841
98840
98839
98838
98837
98836
98835
98830
98829
98828
98825
98820
98819
98818
98817
98816
98815
98812
98811
98810
98809
98808
98807
98806
98805
98804
98803
98802
98674
98673
98672
98671
98670
98669
98668
98667
98660
98659
98657
98656
98655
98654
98653
98652
98651
98650
98649
98648
98647
98646
98645
98644
98643
98642
98641
98640
98639
98638
98637
98636
98634
98633
98632
98631
98630
98629
98628
98627
98626
98625
98624
98622
98621
98620
98619
98618
98617
98616
98615
98614
98613
98612
98611
98610
98609
98608
98607
98606
98605
98604
98603
98602
98601
98600
98599
98597
98596
98595
98594
98593
98592
98591
98590
98589
98588
98587
98583
98580
98579
98455
98454
98453
98452
98451
98450
98449
98448
98447
98446
98445
98444
98443
98442
98441
98439
98438
98437
98436
98435
98434
98433
98432
98431
98430
98429
98428
98427
98426
98425
98424
98423
98412
98411
98410
98409
98408
98407
98406
98405
98404
98403
98402
98401
98400
98399
98398
98397
98396
98395
98394
98393
98392
98391
98390
98389
98388
98387
98386
98385
98384
98383
98382
98381
98380
98379
98378
98377
98376
98375
98374
98373
98372
98371
98370
98369
98368
98367
98271
98270
98269
98268
98267
98266
98265
98264
98263
98262
98261
98260
98259
98258
98257
98256
98255
98254
98253
98252
98251
98250
98249
98248
98247
98246
98245
98244
98243
98242
98241
98240
98194
98191
98190
98189
98188
98187
98186
98185
98184
98183
98182
98181
98180
98179
98178
98177
98176
98175
98174
98173
98171
98170
98169
98168
98167
98166
98165
98164
98162
98161
98160
98159
98158
98157
98156
98155
98154
98153
98152
98151
98150
98149
98148
98147
98146
98145
98144
98143
98142
98141
98140
98139
98138
98137
98136
98135
98134
98133
98132
98131
98130
98129
98128
98127
98126
98125
98124
98123
98122
98121
98120
98119
98118
98117
98116
98115
98114
98113
98112
98111
98110
98109
98108
98107
98106
98105
98104
98103
98102
98101
98100
98099
98098
98097
98096
98095
98093
98092
98091
98090
98089
98088
98087
98086
98084
98083
98082
98081
98080
98079
98062
98061
98060
98059
98058
98057
98056
98055
98054
98053
98052
98021
98020
98019
98018
98017
98015
98014
98013
98012
98011
98010
98009
98008
98007
98006
98005
98004
98003
98002
98001
98000
97999
97998
97997
97996
97995
97994
97993
97992
97991
97990
97989
97988
97987
97985
97974
97973
97972
97971
97970
97969
97968
97967
97956
97955
97954
97952
97951
97950
97832
97831
97830
97829
97828
97827
97826
97821
97820
97815
97813
124900
124179
106466
102620
102619
102618
102617
102611
102610
102609
102607
102606
102604
102603
100678
100677
100676
100675
100672
100671
100670
100669
100668
100667
100666
100665
100664
100663
100662
100661
100660
100659
100658
100657
100656
100365
100055
100054
100043
100018
100017
99950
99949
99948
99947
99946
99945
99944
99826
99803
99802
99794
99793
99302
98889
98888
98887
98886
98885
98884
98883
98882
98880
98834
98827
98826
98821
98801
98706
98705
98704
98703
98702
98701
98700
98699
98698
98697
98696
98695
98694
98693
98692
98691
98690
98689
98688
98687
98686
98685
98684
98683
98679
98678
98677
98676
98675
98586
98585
98577
98576
98575
98574
98573
98572
98571
98570
98465
98464
98463
98462
98461
98460
98459
98458
98457
98456
98440
98422
98421
98420
98419
98418
98417
98416
98415
98414
98413
98366
98365
98364
98363
98362
98361
98360
98359
98358
98357
98356
98355
98354
98353
98352
98351
98350
98349
98348
98347
98346
98345
98344
98343
98342
98341
98340
98339
98338
98337
98336
98335
98334
98333
98332
98331
98330
98329
98328
98327
98326
98325
98324
98323
98322
98321
98320
98319
98318
98317
98316
98315
98314
98313
98312
98311
98310
98309
98308
98307
98306
98305
98304
98303
98302
98301
98300
98299
98298
98297
98296
98295
98294
98293
98292
98291
98290
98289
98288
98287
98286
98285
98284
98283
98282
98281
98280
98279
98278
98277
98276
98275
98274
98273
98272
98238
98237
98236
98195
98094
98078
98077
98076
98075
98074
98073
98072
98071
98070
98069
98068
98067
98063
98051
98050
98049
98048
98047
98046
98045
98044
98043
98042
98041
98040
98039
98038
98037
98036
98035
98034
98033
98032
98031
98030
98029
98028
98027
98026
98025
98024
98023
98022
97984
97983
97982
97981
97980
97977
97976
97966
97965
97964
97963
97962
97961
97960
97959
97958
97957
97939
97938
97937
97931
97929
97928
97927
97926
97925
97924
97923
97922
97921
97920
97919
97918
97917
97916
97915
97914
97913
97912
97911
97910
97909
97908
97907
97906
97905
97904
97903
97902
97901
97900
97899
97898
97897
97896
97895
97894
97893
97892
97891
97890
97889
97888
97887
97886
97885
97884
97882
97881
97880
97879
97878
97877
97876
97875
97874
97873
97872
97871
97870
97869
97868
97867
97866
97865
97864
97863
97862
97861
97859
97858
97857
97856
97855
97854
97853
97852
97851
96974
96952
96951
96950
96949
96948
96941
96940
96939
96938
96937
96936
96933
96932
96931
96930
96929
96927
96926
96925
96924
96923
96922
96921
96920
96919
96918
96917
96916
96915
96914
96913
96912
96911
96910
96909
96908
96907
96906
96905
96904
96903
96902
96901
96900
96899
96898
96897
96896
96895
96894
96893
96892
96891
96890
96889
96888
96887
96886
96885
96884
96852
96851
96849
96847
96846
96845
96843
96827
96826
96825
96824
96823
96822
96821
96820
96819
96818
96817
96816
96815
96814
96813
96812
96811
96810
96809
96808
96807
96806
96805
96803
96748
96736
96735
96734
96733
96708
96663
96617
96610
96609
96608
96604
96603
96602
96601
96600
96597
96594
96593
96592
96591
96590
96589
96588
96587
96586
96585
96584
96583
96582
96581
96580
96579
96578
96577
96576
96575
96574
96573
96572
96571
96570
96569
96568
96567
96566
96565
96564
96563
96562
96560
96559
96558
96557
96556
96555
96554
96553
96552
96551
96550
96549
96548
96547
96546
96545
96544
96543
96542
96541
96540
96539
96538
96537
96536
96535
96534
96533
96532
96531
96530
96529
96528
96527
96526
96525
96524
96523
96522
96521
96520
96519
96518
96517
96516
96515
96514
96513
96512
96511
96510
96509
96508
96507
96506
96505
96504
96503
96502
96501
96500
96499
96498
96497
96496
96495
96494
96493
96492
96491
96490
96489
96488
96487
96486
96485
96484
96483
96482
96481
96480
96477
96476
96475
96468
96467
96466
96465
96464
96463
96462
96461
96460
96459
96458
96457
96456
96455
96454
96453
96452
96451
96450
96449
96448
96447
96446
96445
96444
96443
96442
96441
96440
96439
96438
96437
96436
96435
96434
96433
96432
96431
96430
96429
96428
96421
96420
96419
96418
96417
96416
96415
96413
96412
96411
96410
96409
96408
96407
96406
96405
96404
96403
96402
96401
96400
96397
96396
96395
96394
96393
96392
96391
96390
96388
96387
96386
96385
96382
96381
96380
96379
96378
96377
96376
96375
96374
96373
96372
96371
96370
96369
96368
96367
96366
96365
96364
96363
96362
96359
96358
96356
96355
96353
96350
96349
96348
96347
96346
96345
96344
96343
96342
96341
96340
96339
96338
96337
96336
96335
96334
96304
96303
96299
96298
96297
96296
96295
96294
96293
96292
96291
96290
96289
96288
96287
96286
96156
96154
96153
96070
96069
96007
95973
95972
95971
95970
95968
95967
95966
95965
95964
95963
95962
95961
95960
95959
95958
95957
95956
95955
95954
95953
95952
95951
95950
95949
95948
95947
95946
95942
95941
95940
95939
95938
95937
95936
95935
95934
95933
95932
95931
95707
95706
95705
95704
95703
95702
95701
95696
95695
95694
95693
95692
95690
95689
95688
95687
95686
95684
95683
95682
95681
95680
95679
95678
95677
95674
95673
95672
95664
95663
95659
115324
113624
106465
100680
100679
100587
100569
100568
100265
99265
99264
98895
98682
98681
98680
98666
98665
98664
98663
98662
98578
98235
97834
97833
97825
97824
97823
97822
97819
97818
97817
97816
97814
97812
97811
97810
97809
96969
96968
96967
96966
96965
96964
96963
96962
96961
96960
96959
96958
96957
96956
96955
96954
96953
96947
96946
96945
96944
96882
96880
96879
96878
96877
96876
96875
96874
96873
96872
96871
96869
96868
96866
96865
96864
96863
96861
96860
96859
96858
96857
96856
96855
96854
96853
96842
96841
96840
96839
96838
96837
96836
96835
96834
96833
96832
96831
96830
96829
96800
96799
96798
96797
96796
96795
96794
96793
96791
96790
96789
96788
96787
96786
96785
96784
96783
96782
96780
96779
96778
96777
96776
96775
96774
96773
96772
96771
96770
96769
96768
96767
96766
96765
96764
96763
96762
96761
96760
96759
96758
96757
96756
96755
96754
96753
96752
96751
96747
96746
96745
96742
96741
96740
96739
96738
96607
96606
96599
96598
96596
96479
96478
96474
96473
96472
96471
96470
96469
96427
96426
96425
96384
96361
96360
96333
96332
96331
96330
96328
96327
96325
96324
96323
96322
96321
96320
96319
96318
96317
96316
96315
96314
96313
96312
96311
96310
96309
96308
96307
96305
96285
96284
96283
96282
96281
96280
96279
96278
96277
96276
96174
96169
96168
96167
96166
96165
96164
96163
96162
96161
96160
96159
96158
96150
96143
96142
96141
96140
96139
96138
96137
96133
96132
96131
96130
96129
96128
96127
96126
96125
96124
96123
96122
96121
96120
96119
96118
96117
96116
96115
96114
96113
96112
96111
96110
96109
96108
96107
96106
96105
96104
96103
96102
96101
96100
96099
96098
96097
96096
96095
96094
96093
96092
96091
96090
96089
96088
96073
96072
96071
96006
96005
96004
96003
96002
96001
96000
95999
95998
95997
95996
95995
95994
95993
95992
95991
95990
95989
95988
95987
95986
95985
95984
95983
95982
95981
95980
95979
95978
95977
95976
95975
95974
95930
95927
95925
95923
95921
95919
95917
95914
95912
95910
95908
95905
95903
95901
95899
95897
95894
95892
95889
95887
95885
95883
95880
95878
95876
95874
95871
95868
95866
95864
95862
95860
95858
95856
95853
95851
95849
95847
95845
95843
95841
95838
95836
95834
95832
95830
95827
95825
95823
95821
95819
95816
95814
95812
95809
95807
95805
95803
95800
95798
95796
95794
95792
95789
95787
95785
95782
95780
95778
95777
95776
95775
95774
95773
95772
95771
95770
95769
95768
95767
95766
95765
95764
95763
95762
95761
95760
95759
95758
95757
95756
95755
95754
95753
95752
95751
95750
95749
95748
95747
95746
95745
95744
95742
95741
95740
95739
95738
95737
95736
95735
95734
95733
95732
95731
95730
95729
95728
95727
95726
95725
95724
95723
95722
95721
95720
95719
95718
95717
95716
95715
95714
95713
95712
95711
95710
95709
95708
95699
95697
95676
95675
103820
99263
99262
98467
98234
98233
98232
98231
98230
98229
98228
98227
98226
98225
98224
98223
98222
98221
98220
98219
98218
98217
98216
98215
98214
98213
98212
98211
98210
98209
98208
98207
98206
98205
98203
98202
98201
98200
98199
98198
98197
96173
96172
96171
96149
96148
96068
96067
96066
96065
96064
96063
96052
96051
96050
96049
96048
96047
96046
96045
96044
96043
96041
96039
96038
96037
96036
96035
96034
96033
96032
96031
96030
96028
109190
96146
96062
96061
96060
96059
96058
96057
96056
96055
96054
96027
96026
96025
96024
98196
96170
96145
96053
96023
96022
96021
96020
96019
96018
96017
96016
96015
96014
96013
96012
96011
96010
95698
116766
123617
116768
123616
98894
132422
123614
123611
101745
127101
127100
127099
127098
127097
127095
127094
127093
127092
127091
127089
127087
127086
127080
127078
127077
127076
127072
127070
127069
127067
127066
127064
127063
127061
127060
101877
132640
116628
112560
133064
135602
116049
128088
123454
106385
131824
136138
118517
108860
106390
106389
106324
108083
104273
123599
105828
100317
116867
136518
114106
97975
132033
96792
127571
135513
96301
122948
132073
123433
98016
97979
133970
125051
119288
108336
108867
104109
106486
112885
129892
102605
101874
100327
106370
130621
108875
102160
108101
105825
98823
104385
135959
103814
105793
133798
102148
111585
132560
119286
123447
101872
116453
110244
113969
100644
100411
98581
132242
125723
127382
132244
108097
123195
123609
133757
135571
104107
98635
133753
132517
132573
108435
131919
102159
130027
122951
102532
131799
127375
126137
106397
108487
129830
112580
123953
123583
126239
106720
106707
110917
114075