440127
440014
439843
439636
439318
439541
439036
439035
438534
438497
438486
438450
438434
438432
438430
438296
438295
438294
438269
438200
438103
438087
438026
438022
438021
438014
438013
437976
437974
437973
437969
437798
437795
437583
437582
437581
437580
437575
438447
438426
438334
438333
438312
438308
438029
438011
437468
437434
437432
437355
437349
437347
437345
437241
437209
437163
436991
436947
436929
436928
436871
436793
436659
436656
436654
436653
437643
437356
437344
437110
437081
437058
436938
436937
436915
436873
436709
436513
436106
436104
436103
436102
436101
436098
436016
435891
435822
435821
435816
435815
435814
435812
435809
435808
435807
435773
435772
435769
435764
435763
435761
435760
435759
435758
435757
435756
435755
435754
435753
435752
435751
435750
435749
435748
435747
435746
435745
435744
435742
435741
435740
435739
435738
435737
435736
435735
435734
435733
435667
435641
435612
435560
435551
435547
435510
435284
435092
438439
436934
435732
435731
435730
435729
435728
435727
435726
435725
435724
435723
435722
435721
435720
435719
435718
435717
435716
435715
435714
435713
435712
435711
435710
435709
435708
435705
435704
435703
435702
435701
435700
435699
435698
435696
435695
435694
435693
435692
435691
435690
435689
435683
435670
435669
435668
435550
435412
435395
435394
435327
435094
435089
435017
435003
434996
434966
434673
434611
434610
434329
434327
434322
434320
434283
434282
434281
434169
434168
434167
434166
434165
438027
435005
434985
434312
437684
435675
435673
435397
434983
434645
434350
434306
434303
434292
434276
434137
434096
434071
434070
434069
434068
434065
433591
433587
433579
433438
433381
433334
433332
433331
433330
433329
433328
433326
433304
433284
433279
433254
433252
433224
433211
433194
433192
433001
432828
432827
432826
432824
432823
434290
433210
433209
433002
432351
432350
432346
432345
432344
432342
432341
432136
432130
432129
432110
432106
432105
432103
432063
432061
432060
432056
432049
431997
431882
431881
431869
431811
431808
431803
431777
431730
431729
431728
431727
431642
431585
431582
431566
434287
434285
433426
432329
432328
432326
432325
432324
432323
432322
432321
432320
432319
432318
432317
432316
432315
432313
432135
431958
431312
431311
431308
431305
431304
431303
431302
431301
431300
431299
431298
431297
431296
431295
431294
431293
431292
431291
431290
431289
431288
431287
431286
431285
431284
431283
431282
431281
431280
431279
431278
431276
431275
431274
431273
431272
431271
431169
431167
430968
430967
430934
430933
430932
430906
430864
430853
430816
430768
430767
430766
430758
430728
430727
430621
430574
430564
430563
430555
430507
430505
430339
430332
430313
437654
432766
430765
430515
430304
430146
430141
430140
430139
430136
430135
430133
430085
429956
429955
429954
429772
429761
429744
429616
429615
429614
429599
429597
429594
429593
429592
429558
429557
429556
429553
429341
429338
429337
429333
429332
429331
429330
429329
429328
429327
429326
429325
429321
429056
429046
432310
432309
432303
432301
432296
431261
430127
430126
430125
430124
430123
430120
430118
430117
429774
429773
429595
429554
429502
429391
429389
429379
429378
429316
428824
428628
428627
428626
428625
428624
428623
428622
428621
428620
428619
428618
428617
428615
428614
428613
428612
428611
428610
428609
428608
428607
428606
428605
428604
428603
428602
428601
428600
428599
428598
428597
428596
428595
428594
428593
428592
428591
428590
428589
428588
428587
428586
428585
428584
428583
428582
428581
428580
428522
428521
428518
428514
428513
428511
428509
428507
428487
428486
428479
428405
428397
428389
428386
428317
428313
428312
428311
428296
428295
428294
428293
428292
428291
428290
428289
428288
428254
428252
428090
430661
428540
428382
431260
431259
430109
429555
428531
428529
428404
428192
428049
427926
427925
427795
427495
427396
427335
427330
427327
427325
427324
427322
427321
427319
427287
427285
427284
427282
427280
427279
427278
427255
427232
427230
427215
427203
427111
427110
427060
430103
429623
427391
427315
426498
426494
426493
426491
426485
426484
426481
426172
426164
426155
426152
426097
426096
426035
426034
425963
425962
425961
425930
425899
425895
425889
425888
425887
425859
425792
425486
425485
425477
425476
425249
431257
431255
431253
430093
430092
430091
430090
430089
430088
428544
428033
428032
428031
428030
428029
426999
426737
426736
426735
426734
426733
426713
426712
426711
426176
426162
426157
426028
425473
425433
425432
425431
425430
425429
425292
425291
424970
424968
424966
424961
424960
424921
424826
424824
424792
424728
424726
424725
424718
424713
424712
424711
424705
424669
424651
424622
424621
424620
424619
424597
424577
424564
424555
424554
424553
424534
424521
424520
424517
424509
424415
424412
424300
428543
428542
426146
426145
426021
424742
424275
424036
423465
423464
423463
423462
423461
423459
423458
423403
423401
423348
423268
423266
423265
423260
423238
423224
423222
423221
423211
423208
423192
423181
423180
423151
423150
423149
423146
423145
423143
423002
422986
422985
422905
422903
422901
422898
426020
426019
426018
426017
424734
423405
423393
423389
423388
423387
423386
423385
423384
423382
423381
423380
423379
423378
423377
423376
423375
423374
423373
423372
423371
423370
423369
423368
423367
423364
423363
423362
423347
423346
423345
423344
423343
423342
423341
423340
423339
423338
423337
423336
423335
423334
423198
423182
423178
422972
422970
422968
422899
422896
422634
422534
422533
422532
422531
422530
422529
422528
422527
422525
422524
422289
422217
422022
421962
421960
421959
421958
421957
421956
421955
421949
421947
421946
421945
421944
421942
421941
421940
421939
421938
421937
421936
421935
421934
421933
421932
421931
421930
421929
421928
421927
421926
421925
421924
421923
421922
421921
421920
421919
421918
421917
421915
421914
421913
421912
421911
421910
421909
421908
421907
421906
421905
421904
421903
421902
421901
421899
421898
421896
421895
421894
421893
421892
421891
421890
421889
421888
421887
421886
421885
421884
421883
421882
421881
421880
421879
421878
421877
421864
421863
421862
421762
421747
421744
421734
421725
421724
421553
421463
421449
421251
421237
421236
421235
421233
422969
421372
424729
422619
422209
421874
421873
421872
421871
421870
421868
421867
421866
421865
421861
421860
421859
421858
421857
421856
421855
421854
421853
421852
421851
421850
421849
421848
421847
421846
421845
421844
421843
421842
421841
421840
421839
421727
421726
421722
421398
421066
421065
420990
420792
420731
420667
420642
420628
420627
420566
420565
420564
420559
420555
420554
420553
420551
420549
420547
420546
420544
420543
420542
420523
420444
420422
420401
420392
420391
420390
420389
420300
420295
420294
420283
420282
420208
420142
420138
420136
419920
420637
420635
420633
420632
420539
420538
420516
420510
420129
419854
419852
419395
419394
419393
419392
419377
419376
419375
419374
419358
419357
419356
419340
419337
419334
419333
419331
419329
419328
419327
419324
419323
419289
419288
419287
419286
419283
419276
419271
419252
419250
419248
419186
419016
418577
418576
418575
418573
418571
418568
418567
418565
418564
418563
421833
420534
420533
420531
419321
419314
419311
419300
419297
419277
419275
419274
419122
418968
418689
418559
418256
418010
417953
417936
417910
417908
417907
417905
417832
417822
417821
417820
417819
417818
417817
417816
417798
417765
417764
417763
417745
417744
417734
417721
417710
417680
417676
417646
417618
417464
417461
417460
417459
417458
417457
417456
417455
417454
417453
417176
421694
420529
419295
419293
417906
417815
417711
417679
417058
417056
417050
417049
417048
417047
417046
417045
417043
417042
417041
417040
417038
417036
417035
417032
417031
417008
417004
417003
416714
416713
416712
416672
416671
416670
416669
416639
416638
416468
416467
416403
416389
416382
416380
416379
416372
416355
416274
416124
416061
415989
415967
415921
415920
415918
415917
415916
415785
420526
419121
417709
417029
417028
417027
417026
417025
417024
417023
417022
417021
417020
417019
417018
417017
417016
416462
416461
416440
416438
416437
416436
416416
416415
416402
416401
416361
416122
416087
416001
415693
415387
415345
415343
415342
415341
415340
415338
415337
415336
415335
415334
415333
415332
415331
415330
415329
415328
415327
415326
415325
415324
415323
415322
415321
415320
415319
415315
415314
415313
415312
415311
415310
415309
415308
415307
415306
415305
415304
415303
415302
415301
415300
415299
415298
415297
415296
415295
415294
415293
415292
415291
415290
415289
415288
415286
415285
415283
415282
415281
415280
415279
415278
415277
415276
415275
415274
415273
415272
415271
415270
415269
415268
415207
415206
415204
415203
415202
415201
415200
415199
415197
415196
415195
415194
415193
415192
415191
415190
415185
415184
415183
415049
414995
414854
414846
414845
414841
414768
414417
414416
415354
415347
419291
419290
419184
417282
415349
415253
415250
415227
415224
415223
415124
415104
415103
414977
414261
414205
414180
414179
414176
414175
414172
414138
414099
413809
413808
413805
413803
413799
413794
413396
413094
413093
413091
417014
417013
417012
417011
416365
416364
415238
415237
415236
415235
415233
415232
413733
413727
413163
412990
412988
412986
412673
412672
412670
412669
412461
412133
412119
412118
411655
411654
420443
412073
412026
412025
412024
412023
412022
412021
412020
412019
412018
412017
412016
412015
412014
412013
412012
412011
412010
412009
412008
412007
412006
412005
412004
412003
412002
412001
412000
411999
411998
411997
411996
411995
411994
411993
411992
411991
411990
411989
411988
411987
411986
411985
411984
411983
411982
411981
411980
411979
411978
411977
411976
411975
411974
411973
411972
411971
411970
411969
411968
411967
411966
411965
411964
411963
411962
411961
411960
411959
411958
411957
411956
411955
411954
411953
411952
411951
411950
411949
411948
411947
411946
411945
411944
411943
411942
411941
411940
411939
411938
411937
411936
411935
411934
411933
411932
411931
411930
411929
411928
411923
411922
411921
411920
411919
411918
411917
411916
411915
411914
411913
411912
411911
411910
411909
411908
411907
411906
411905
411904
411903
411902
411901
411900
411899
411898
411897
411896
411895
411894
411893
411892
411891
411890
411889
411888
411887
411886
411885
411884
411883
411882
411881
411880
411879
411878
411877
411876
411875
411874
411873
411872
411871
411870
411869
411868
411867
411866
411865
411864
411863
411862
411861
411860
411859
411858
411857
411856
411855
411854
411853
411852
411851
411850
411849
411848
411847
411846
411845
411844
411843
411842
411841
411840
411839
411838
411837
411836
411835
411834
411833
411832
411831
411830
411829
411828
411827
411826
411825
411824
411823
411822
411821
411820
411819
411818
411817
411816
411815
411814
411813
411812
411811
411810
411809
411808
411807
411806
411805
411804
411803
411802
411801
411800
411799
411798
411797
411796
411795
411794
411793
411792
411791
411790
411789
411788
411787
411786
411785
411784
411783
411782
411781
411780
411779
411778
411777
411776
411775
411774
411773
411772
411771
411770
411769
411768
411767
411766
411765
411764
411763
411762
411761
411760
411759
411758
411757
411756
411755
411754
411753
411752
411751
411750
411749
411748
411747
411746
411745
411744
411743
411742
411741
411740
411739
411738
411737
411736
411735
411734
411733
411732
411731
411730
411729
411728
411727
411726
411725
411724
411723
411722
411721
411720
414729
414165
412062
411927
411714
412634
412633