0010019750
0010017045
0010037961
0010029406
0010019743
0010032391
0010029399
0010039910
0010017055
0010017042
0010027021
0010016981
0010016993
0010017040
0010017034
0010017056
0010017057
0010016994
0010017033
0010032390
0010029398
0010032385
0010032385
0010032385
0010017048
0010017049
0010017043
0010035985
0010030431
0010029398
0010032388
0010016781
0010016782
0010029679
0010019754
0010019942
0010019943
0010019944
0010019945
0010032389
0010030417
0010030418
0010033860
0010045029
0010029407
0010032384
0010032387
0010044731
0010029408
0010030432
0010039910
0010032390
0010032390
0010032388
0010044753
0010033861
0010033862
0010033863
0010033864
0010038171
0010037961
0010039910
0010039858
0010030426
0010025376
0010021962
0010021928
0010025376
0010035987
0010035987
0010035981
0010035981