0014523556
0014523452
0014523447
0014523437
0014523426
0014523325
0014523321
0014523319
0014523316
0014523307
0014523303
0014523296
0014522954
0014522846
0014522796
0014522794
0014522554
0014522426
0014522421
0014522373
0014522372
0014522331
0014522328
0014522305
0014522304
0014522302
0014522270
0014522265
0014522254
0014522244
0014522237
0014522233
0014522230
0014522216
0014522211
0014522188
0014522186
0014522178
0014522177
0014522172
0014522171
0014522166
0014522165
0014522164
0014522163
0014522148
0014522146
0014522078
0014522074
0014522073
0014522034
0014521999
0014521705
0014521696
0014521695
0014521688
0014521687
0014521605
0014521604
0014521557
0014521479
0014521477
0014521329
0014521317
0014521314
0014521174
0014521173
0014521168
0014521160
0014521158
0014521153
0014521144
0014521141
0014521129
0014521122
0014520924
0014520910
0014520902
0014520894
0014520893
0014520886
0014520883
0014520877
0014520876
0014520875
0014520853
0014520826
0014520817
0014520805
0014520800
0014520791
0014520788
0014520781
0014520775
0014520774
0014520771
0014520769
0014520766
0014520760
0014520759
0014520758
0014520751
0014520738
0014520730
0014520728
0014520726
0014520725
0014520719
0014520716
0014520708
0014520703
0014520698
0014520697
0014520694
0014520693
0014520690
0014520678
0014520666
0014520663
0014520654
0014520650
0014520649
0014520636
0014520633
0014520631
0014520628
0014520616
0014520602
0014520596
0014520595
0014520594
0014520593
0014520592
0014520591
0014520590
0014520547
0014520540
0014520537
0014520449
0014520418
0014520413
0014520399
0014520398
0014520396
0014520368
0014520360
0014520285
0014520242
0014520238
0014520185
0014520111
0014519862
0014519807
0014519746
0014519540
0014519527
0014519524
0014519496
0014519476
0014519424
0014519423
0014519422
0014519420
0014519419
0014519366
0014519361
0014519359
0014519358
0014519354
0014519283
0014519263
0014519161
0014519160
0014519159
0014519158
0014519155
0014519153
0014519152
0014519150
0014519147
0014519140
0014519139
0014519135
0014519069
0014519068
0014518986
0014518958
0014518892
0014518833
0014518555
0014518554
0014518550
0014518531
0014518529
0014518521
0014518520
0014518517
0014518516
0014518511
0014518493
0014518488
0014518486
0014518485
0014518478
0014518456
0014518448
0014518432
0014518418
0014518411
0014518381
0014518380
0014518378
0014518376
0014518371
0014518368
0014518349
0014518347
0014518344
0014518336
0014518335
0014518334
0014518333
0014518323
0014518318
0014518181
0014518171
0014518159
0014518158
0014518157
0014518156
0014518155
0014518120
0014518119
0014518118
0014518108
0014518107
0014518105
0014518104
0014518103
0014518095
0014518094
0014518093
0014518092
0014518078
0014518077
0014518076
0014518069
0014518068
0014518052
0014518051
0014518048
0014518007
0014517995
0014517982
0014517981
0014517976
0014517946
0014517798
0014517796
0014517794
0014517791
0014517786
0014517780
0014517768
0014517765
0014517758
0014517677
0014517662
0014517626
0014517509
0014517452
0014517337
0014517328
0014517325
0014517323
0014517318
0014517317
0014517314
0014517313
0014517303
0014517298
0014517296
0014517291
0014517289
0014517281
0014517261
0014517256
0014517112
0014517074
0014517038
0014516952
0014516938
0014516693
0014516683
0014516541
0014516508
0014516438
0014516428
0014516409
0014516400
0014516390
0014516297
0014516121
0014516085
0014516048
0014516036
0014516031
0014516023
0014515968
0014515733
0014515706
0014515697
0014515677
0014515675
0014515563
0014515562
0014515561
0014515554
0014515553
0014515547
0014515531
0014515522
0014515520
0014515519
0014515518
0014515506
0014515501
0014515497
0014515495
0014515493
0014515483
0014515481
0014515476
0014515464
0014515462
0014515458
0014515452
0014515449
0014515447
0014515443
0014515442
0014515439
0014515429
0014515428
0014515426
0014515424
0014515412
0014515331
0014515327
0014515323
0014515321
0014515319
0014515318
0014515317
0014515289
0014515282
0014515263
0014515141
0014515126
0014515044
0014515041
0014515023
0014515008
0014514911
0014514910
0014514844
0014514650
0014514464
0014514457
0014514401
0014514393
0014514362
0014514358
0014514351
0014514304
0014514291
0014514270
0014514244
0014514234
0014514212
0014514169
0014514148
0014514141
0014514135
0014514120
0014514115
0014514101
0014514097
0014514095
0014514084
0014514066
0014514050
0014514044
0014514043
0014514035
0014514025
0014514013
0014514009
0014514006
0014514000
0014513995
0014513978
0014513976
0014513972
0014513971
0014513970
0014513947
0014513946
0014513943
0014513940
0014513938
0014513936
0014513934
0014513927
0014513925
0014513915
0014513914
0014513907
0014513892
0014513886
0014513885
0014513880
0014513855
0014513853
0014513850
0014513847
0014513846
0014513842
0014513841
0014513840
0014513829
0014513828
0014513826
0014513825
0014513815
0014513812
0014513798
0014513774
0014513770
0014513750
0014513749
0014513738
0014513734
0014513727
0014513726
0014513724
0014513710
0014513695
0014513687
0014513685
0014513682
0014513491
0014513489
0014513488
0014513485
0014513483
0014513478
0014513470
0014513467
0014513466
0014513459
0014513458
0014513452
0014513442
0014513434
0014513420
0014513413
0014513393
0014513388
0014513384
0014513373
0014513369
0014513368
0014513367
0014513359
0014513354
0014513352
0014513349
0014513337
0014513324
0014513319
0014513303
0014513297
0014513288
0014513203
0014513191
0014513189
0014513188
0014513167
0014513047
0014512991
0014512985
0014512939
0014512921
0014512908
0014512898
0014512674
0014512654
0014512647
0014512640
0014512633
0014512629
0014512616
0014512604
0014512593
0014512590
0014512586
0014512585
0014512582
0014512580
0014512573
0014512550
0014512538
0014512527
0014512524
0014512512
0014512501
0014512500
0014512498
0014512491
0014512488
0014512487
0014512470
0014512452
0014512440
0014512431
0014512408
0014512401
0014512396
0014512392
0014512390
0014512389
0014512380
0014512368
0014512351
0014512350
0014512349
0014512341
0014512330
0014512328
0014512315
0014512312
0014512302
0014512299
0014512296
0014512293
0014512285
0014512282
0014512259
0014512223
0014512222
0014512218
0014512203
0014512180
0014512178
0014512168
0014512164
0014512154
0014512094
0014512063
0014512061
0014512054
0014512045
0014512036
0014512010
0014512008
0014512006
0014511991
0014511990
0014511975
0014511973
0014511941
0014511936
0014511924
0014511920
0014511912
0014511894
0014511460
0014511396
0014511395
0014511384
0014511379
0014511371
0014511365
0014511354
0014511353
0014511352
0014511350
0014511348
0014511345
0014511343
0014511342
0014511335
0014511334
0014511329
0014511328
0014511322
0014511319
0014511308
0014511307
0014511304
0014511301
0014511294
0014511287
0014511253
0014511235
0014511208
0014511202
0014511201
0014511200
0014511163
0014511157
0014511150
0014510853
0014510846
0014510805
0014510804
0014510803
0014510802
0014510801
0014510800
0014510799
0014510792
0014510785
0014510776
0014510765
0014510701
0014510699
0014510693
0014510687
0014510683
0014510682
0014510679
0014510676
0014510670
0014510668
0014510667
0014510666
0014510660
0014510658
0014510657
0014510656
0014510649
0014510648
0014510647
0014510646
0014510605
0014510590
0014510588
0014510549
0014510361
0014510304
0014510300
0014510299
0014510282
0014510278
0014510274
0014510271
0014510265
0014510261
0014510257
0014510255
0014510243
0014510237
0014510233
0014510230
0014510225
0014510220
0014510215
0014510211
0014510208
0014510194
0014510179
0014510177
0014510168
0014510166
0014510162
0014510152
0014510142
0014510117
0014510101
0014510086
0014510066
0014510056
0014510048
0014510044
0014510032
0014510020
0014510009
0014510001
0014509992
0014509984
0014509972
0014509967
0014509961
0014509957
0014509955
0014509952
0014509946
0014509943
0014509941
0014509936
0014509932
0014509924
0014509923
0014509919
0014509911
0014509910
0014509905
0014509902
0014509862
0014509845
0014509828
0014509796
0014509790
0014509789
0014509785
0014509770
0014509759
0014509747
0014509741
0014509739
0014509709
0014509692
0014509673
0014509670
0014509667
0014509650
0014509645
0014509622
0014509613
0014509609
0014509604
0014509602
0014509601
0014509598
0014509595
0014509585
0014509584
0014509581
0014509580
0014509570
0014509569
0014509565
0014509547
0014509541
0014509536
0014509507
0014509505
0014509494
0014509492
0014509483
0014509477
0014509471
0014509468
0014509466
0014509462
0014509459
0014509454
0014509453
0014509452
0014509437
0014509425
0014509410
0014509400
0014509390
0014509389
0014509384
0014509358
0014509350
0014509345
0014509341
0014509336
0014509332
0014509331
0014509330
0014509326
0014509325
0014509322
0014509319
0014509318
0014509289
0014509279
0014509275
0014509269
0014509250
0014509234
0014509228
0014509220
0014509213
0014509207
0014509202
0014509192
0014509189
0014509184
0014509054
0014509033
0014509032
0014509030
0014509028
0014509025
0014509023
0014508956
0014508947
0014508874
0014508858
0014508709
0014508696
0014508695
0014508689
0014508688
0014508686
0014508673
0014508664
0014508558
0014508511
0014508494
0014508493
0014508483
0014508453
0014508444
0014508438
0014508437
0014508433
0014508422
0014508421
0014508401
0014508393
0014508389
0014508366
0014508357
0014508356
0014508347
0014508335
0014508334
0014508332
0014508331
0014508316
0014508313
0014508312
0014508302
0014508296
0014508292
0014508291
0014508290
0014508287
0014508286
0014508284
0014508276
0014508274
0014508272
0014508271
0014508266
0014508264
0014508256
0014508255
0014508249
0014508243
0014508240
0014508234
0014508230
0014508228
0014508218
0014508203
0014508202
0014508201
0014508199
0014508191
0014508185
0014508181
0014508173
0014508162
0014508159
0014508155
0014508154
0014508144
0014508141
0014508140
0014508007
0014508003
0014507979
0014507921
0014507917
0014507902
0014507882
0014507880
0014507872
0014507858
0014507855
0014507853
0014507849
0014507843
0014507842
0014507841
0014507808
0014507807
0014507805
0014507781
0014507747
0014507700
0014507692
0014507688
0014507683
0014507635
0014507617
0014507608
0014507607
0014507606
0014507502
0014507420
0014507313
0014507281
0014507279
0014507262
0014507192
0014507189
0014507186
0014507180
0014507179
0014507175
0014507174
0014507108
0014507092
0014507087
0014507081
0014507078
0014507076
0014507071
0014507053
0014507052
0014507043
0014507037
0014507031
0014507026
0014507012
0014506993
0014506990
0014506988
0014506978
0014506973
0014506956
0014506953
0014506948
0014506938
0014506931
0014506923
0014506918
0014506917
0014506902
0014506886
0014506882
0014506875
0014506845
0014506823
0014506810
0014506755
0014506751
0014506742
0014506720
0014506718
0014506716
0014506692
0014506688
0014506686
0014506684
0014506680
0014506676
0014506672
0014506667
0014506666
0014506665
0014506662
0014506647
0014506645
0014506642
0014506641
0014506640
0014506634
0014506632
0014506631
0014506628
0014506622
0014506619
0014506605
0014506604
0014506596
0014506595
0014506593
0014506579
0014506572
0014506569
0014506563
0014506553
0014506548
0014506542
0014506538
0014506342
0014506341
0014506337
0014506319
0014506318
0014506317
0014506316
0014506315
0014506314
0014506305
0014506304
0014506284
0014506281
0014506278
0014506271
0014506266
0014506265
0014506260
0014506259
0014506251
0014506250
0014506242
0014506241
0014506054
0014506020
0014506018
0014506012
0014506011
0014506010
0014505989
0014505952
0014505942
0014505940
0014505929
0014505923
0014505830
0014505829
0014505819
0014505747
0014505731
0014505712
0014505711
0014505703
0014505689
0014505671
0014505670
0014505608
0014505494
0014505490
0014505485
0014505463
0014505462
0014505407
0014505339
0014505328
0014505287
0014505279
0014504640
0014504634
0014504628
0014504569
0014504567
0014504566
0014504531
0014504529
0014504519
0014504516
0014504495
0014504491
0014504489
0014504474
0014504465
0014504460
0014504459
0014504456
0014504450
0014504442
0014504432
0014504417
0014504415
0014504413
0014504409
0014504408
0014504404
0014504402
0014504388
0014504379
0014504373
0014504361
0014504358
0014504350
0014504347
0014504342
0014504334
0014504333
0014504305
0014504301
0014504288
0014504274
0014504267
0014504265
0014504252
0014504245
0014504241
0014504240
0014504236
0014504234
0014504230
0014504228
0014504219
0014504201
0014504197
0014504192
0014504187
0014504184
0014504178
0014504175
0014504145
0014504136
0014504130
0014504129
0014504124
0014504120
0014504117
0014504088
0014504065
0014504063
0014504062
0014504058
0014504038
0014504027
0014504024
0014504012
0014504010
0014504008
0014503991
0014503985
0014503976
0014503964
0014503951
0014503950
0014503944
0014503936
0014503931
0014503928
0014503927
0014503922
0014503919
0014503902
0014503886
0014503875
0014503874
0014503869
0014503864
0014503863
0014503848
0014503845
0014503836
0014503834
0014503799
0014503787
0014503784
0014503768
0014503749
0014503748
0014503719
0014503698
0014503690
0014503685
0014503678
0014503667
0014503657
0014503644
0014503639
0014503627
0014503601
0014503599
0014503598
0014503595
0014503594
0014503589
0014503584
0014503580
0014503564
0014503549
0014503541
0014503539
0014503536
0014503531
0014503529
0014503518
0014503517
0014503513
0014503508
0014503501
0014503489
0014503487
0014503486
0014503469
0014503456
0014503454
0014503451
0014503443
0014503433
0014503432
0014503429
0014503428
0014503419
0014503408
0014503385
0014503378
0014503372
0014503364
0014503363
0014503357
0014503347
0014503345
0014503339
0014503331
0014503329
0014503326
0014503325
0014503315
0014503297
0014503291
0014503277
0014503276
0014503275
0014503274
0014503273
0014503272
0014503234
0014503222
0014503215
0014503170
0014503030
0014503028
0014503026
0014503024
0014503007
0014503006
0014503005
0014502982
0014502972
0014502965
0014502957
0014502954
0014502950
0014502947
0014502943
0014502940
0014502934
0014502933
0014502919
0014502915
0014502910
0014502908
0014502907
0014502899
0014502888
0014502882
0014502836
0014502834
0014502808
0014502629
0014502624
0014502611
0014502602
0014502599
0014502598
0014502589
0014502585
0014502544
0014502485
0014502422
0014502413
0014502404
0014502199
0014502183
0014502181
0014502176
0014502172
0014502171
0014502160
0014502148
0014502139
0014502132
0014502126
0014502121
0014502118
0014502116
0014502105
0014502104
0014502102
0014502092
0014502083
0014502074
0014502072
0014502057
0014502042
0014502038
0014502019
0014502010
0014502009
0014501992
0014501984
0014501973
0014501972
0014501965
0014501959
0014501949
0014501944
0014501925
0014501921
0014501920
0014501912
0014501897
0014501858
0014501854
0014501849
0014501831
0014501791
0014501788
0014501787
0014501773
0014501730
0014501728
0014501727
0014501722
0014501710
0014501700
0014501693
0014501686
0014501678
0014501670
0014501658
0014501657
0014501642
0014501626
0014501615
0014501612
0014501591
0014501588
0014501587
0014501581
0014501573
0014501569
0014501563
0014501560
0014501557
0014501554
0014501552
0014501408
0014501395
0014501331
0014501330
0014501315
0014501314
0014501313
0014501312
0014501311
0014501296
0014501294
0014501292
0014501290
0014501289
0014501278
0014501277
0014501275
0014501274
0014501272
0014501271
0014501270
0014501266
0014501256
0014501213
0014501212
0014501207
0014501076
0014500916
0014500915
0014500908
0014500897
0014500896
0014500884
0014500810
0014500712
0014500707
0014500044
0014500035
0014500025
0014500018
0014500011
0014500007
0014500003
0014500001
0014499990
0014499968
0014499965
0014499951
0014499942
0014499915
0014499886
0014499885
0014499878
0014499852
0014499849
0014499844
0014499842
0014499830
0014499827
0014499817
0014499814
0014499813
0014499809
0014499797
0014499792
0014499787
0014499784
0014499774
0014499744
0014499741
0014499739
0014499727
0014499712
0014499704
0014499702
0014499687
0014499681
0014499677
0014499667
0014499661
0014499660
0014499633
0014499630
0014499628
0014499625
0014499612
0014499610
0014499608
0014499607
0014499603
0014499600
0014499595
0014499543
0014499532
0014499528
0014499527
0014499524
0014499523
0014499521
0014499515
0014499503
0014499482
0014499480
0014499476
0014499475
0014499473
0014499462
0014499454
0014499452
0014499447
0014499439
0014499437
0014499436
0014499427
0014499417
0014499407
0014499388
0014499381
0014499374
0014499373
0014499372
0014499357
0014499347
0014499330
0014499321
0014499313
0014499312
0014499306
0014499297
0014499296
0014499292
0014499287
0014499281
0014499280
0014499214
0014499174
0014499171
0014499168
0014499153
0014499130
0014499122
0014499119
0014499116
0014499112
0014499111
0014499110
0014499109
0014499106
0014499105
0014499096
0014499091
0014499087
0014499086
0014499085
0014499082
0014499075
0014499072
0014499071
0014499064
0014499061
0014499060
0014499059
0014499057
0014498970
0014498958
0014498937
0014498936
0014498933
0014498901
0014498792
0014498710
0014498696
0014498691
0014498660
0014498653
0014498616
0014498613
0014498612
0014498490
0014498478
0014498380
0014498378
0014498370
0014498362
0014498357
0014498348
0014498343
0014498342
0014498338
0014498332
0014498302
0014498295
0014498293
0014498292
0014498265
0014498263
0014498261
0014498260
0014498233
0014498218
0014498207
0014498203
0014498195
0014498183
0014498174
0014498168
0014498167
0014498161
0014498155
0014498154
0014498144
0014498141
0014498128
0014498127
0014498121
0014498107
0014498106
0014498102
0014498098
0014498083
0014498078
0014498077
0014498060
0014498059
0014498050
0014498021
0014498012
0014498010
0014498009
0014497991
0014497985
0014497984
0014497983
0014497981
0014497975
0014497966
0014497963
0014497956
0014497953
0014497945
0014497941
0014497938
0014497931
0014497930
0014497912
0014497909
0014497898
0014497896
0014497895
0014497890
0014497884
0014497858
0014497856
0014497838
0014497831
0014497828
0014497820
0014497815
0014497797
0014497795
0014497790
0014497784
0014497777
0014497761
0014497757
0014497756
0014497748
0014497584
0014497572
0014497566
0014497555
0014497543
0014497533
0014497523
0014497508
0014497456
0014497455
0014497454
0014497452
0014497448
0014497445
0014497444
0014497443
0014497441
0014497437
0014497435
0014497434
0014497430
0014497427
0014497424
0014497423
0014497417
0014497325
0014497323
0014497322
0014497318
0014497271
0014497142
0014497139
0014497137
0014497133
0014497125
0014497124
0014497107
0014497100
0014496873
0014496872
0014496862
0014496855
0014496697
0014496524
0014496511
0014496489
0014496472
0014496457
0014496450
0014496445
0014496434
0014496426
0014496424
0014496421
0014496414
0014496411
0014496406
0014496403
0014496397
0014496382
0014496368
0014496358
0014496346
0014496343
0014496331
0014496329
0014496328
0014496323
0014496319
0014496293
0014496291
0014496282
0014496281
0014496279
0014496265
0014496261
0014496251
0014496249
0014496248
0014496246
0014496243
0014496241
0014496237
0014496232
0014496213
0014496208
0014496201
0014496194
0014496175
0014496174
0014496173
0014496169
0014496164
0014496138
0014496126
0014496109
0014496102
0014496095
0014496088
0014496076
0014496073
0014496069
0014496033
0014496030
0014496029
0014496021
0014496020
0014496019
0014495989
0014495979
0014495976
0014495973
0014495957
0014495931
0014495930
0014495928
0014495918
0014495911
0014495908
0014495896
0014495894
0014495889
0014495883
0014495856
0014495854
0014495852
0014495829
0014495825
0014495816
0014495807
0014495803
0014495800
0014495792
0014495791
0014495781
0014495776
0014495771
0014495767
0014495762
0014495759
0014495758
0014495745
0014495735
0014495734
0014495725
0014495707
0014495705
0014495699
0014495694
0014495673
0014495659
0014495656
0014495640
0014495626
0014495603
0014495598
0014495593
0014495583
0014495536
0014495517
0014495450
0014495447
0014495426
0014495424
0014495422
0014495412
0014495411
0014495388
0014495380
0014495379
0014495378
0014495377
0014495367
0014495351
0014495346
0014495345
0014495341
0014495328
0014495327
0014495322
0014495321
0014495320
0014495242
0014495229
0014495227
0014495130
0014495128
0014495117
0014495109
0014494995
0014494967
0014494956
0014494952
0014494824
0014494664
0014494635
0014494627
0014494626
0014494612
0014494610
0014494443
0014494267
0014494265
0014494263
0014494262
0014494261
0014494247
0014494237
0014494223
0014494213
0014494211
0014494183
0014494161
0014494150
0014494145
0014494133
0014494122
0014494090
0014494085
0014494081
0014494080
0014494017
0014494013
0014494008
0014494002
0014494001
0014493989
0014493979
0014493964
0014493940
0014493929
0014493905
0014493904
0014493896
0014493890
0014493875
0014493872
0014493869
0014493868
0014493857
0014493855
0014493815
0014493768
0014493767
0014493757
0014493749
0014493747
0014493727
0014493721
0014493710
0014493705
0014493697
0014493691
0014493690
0014493683
0014493666
0014493628
0014493622
0014493616
0014493612
0014493523
0014493481
0014493416
0014493414
0014493408
0014493406
0014493401
0014493381
0014493372
0014493367
0014493366
0014493347
0014493346
0014493343
0014493340
0014493338
0014493336
0014493334
0014493325
0014493313
0014493311
0014493302
0014493301
0014493276
0014493208
0014493063
0014493062
0014493057
0014492897
0014492885
0014492882
0014492881
0014492850
0014492816
0014492811
0014492767
0014492742
0014492705
0014492667
0014492659
0014492609
0014491875
0014491871
0014491870
0014491869
0014491868
0014491857
0014491847
0014491838
0014491826
0014491808
0014491805
0014491798
0014491797
0014491786
0014491778
0014491777
0014491775
0014491774
0014491759
0014491751
0014491748
0014491744
0014491738
0014491722
0014491713
0014491706
0014491682
0014491576
0014491467
0014491466
0014491465
0014491464
0014491453
0014491452
0014491451
0014491447
0014491434
0014491423
0014491421
0014491418
0014491413
0014491412
0014491406
0014491397
0014491345
0014491341
0014491340
0014491276
0014491112
0014491069
0014491055
0014491003
0014490976
0014490929
0014490592
0014490591
0014490573
0014490565
0014490560
0014490559
0014490545
0014490544
0014490536
0014490512
0014490499
0014490496
0014490493
0014490492
0014490479
0014490478
0014490473
0014490468
0014490465
0014490457
0014490451
0014490445
0014490429
0014490427
0014490422
0014490411
0014490408
0014490407
0014490389
0014490387
0014490379
0014490375
0014490371
0014490368
0014490367
0014490360
0014490308
0014490220
0014490213
0014490207
0014490206
0014490194
0014490193
0014490188
0014490187
0014490184
0014490181
0014490176
0014490162
0014490161
0014490153
0014490152
0014490065
0014490058
0014490020
0014490018
0014490016
0014490014
0014489847
0014489749
0014489743
0014489722
0014489715
0014489708
0014489703
0014489701
0014489655
0014489654
0014489639
0014489530
0014489528
0014489361
0014489356
0014488716
0014488707
0014488705
0014488696
0014488687
0014488663
0014488658
0014488655
0014488654
0014488546
0014488530
0014488528
0014488527
0014488526
0014488503
0014488501
0014488500
0014488499
0014488496
0014488495
0014488490
0014488477
0014488475
0014488474
0014488470
0014488461
0014488389
0014488349
0014488334
0014488332
0014488306
0014488305
0014488155
0014488127
0014488090
0014488029
0014488027
0014488026
0014488025
0014488023
0014488017
0014488015
0014488008
0014487996
0014487952
0014487951
0014487950
0014487943
0014487899
0014487897
0014487802
0014487795
0014487788
0014487783
0014487697
0014487424
0014487412
0014487408
0014487406
0014487385
0014487380
0014487376
0014487374
0014487363
0014487323
0014487310
0014487303
0014487300
0014487269
0014487250
0014487235
0014487232
0014487204
0014487203
0014487202
0014487201
0014487192
0014487187
0014487186
0014487183
0014487172
0014487171
0014487165
0014487163
0014487161
0014487147
0014487144
0014487136
0014487133
0014487124
0014487122
0014487117
0014487104
0014487101
0014487100
0014487094
0014487091
0014487085
0014487084
0014487071
0014487068
0014487067
0014487065
0014487060
0014487059
0014487054
0014486954
0014486944
0014486879
0014486875
0014486862
0014486845
0014486749
0014486748
0014486747
0014486734
0014486733
0014486717
0014486712
0014486706
0014486690
0014486672
0014486669
0014486664
0014486652
0014486650
0014486649
0014486645
0014486644
0014486632
0014486618
0014486617
0014486613
0014486611
0014486510
0014486412
0014486408
0014486401
0014486399
0014486353
0014486352
0014486344
0014486326
0014486204
0014486200
0014486196
0014486182
0014486178
0014486175
0014486165
0014486106
0014485896
0014485873
0014485824
0014485780
0014485779
0014485762
0014485757
0014485754
0014485748
0014485739
0014485732
0014485731
0014485730
0014485728
0014485715
0014485714
0014485713
0014485712
0014485708
0014485706
0014485704
0014485697
0014485691
0014485680
0014485673
0014485659
0014485648
0014485637
0014485614
0014485611
0014485607
0014485597
0014485595
0014485594
0014485589
0014485588
0014485575
0014485574
0014485543
0014485541
0014485524
0014485508
0014485504
0014485487
0014485483
0014485476
0014485471
0014485457
0014485394
0014485390
0014485389
0014485386
0014485378
0014485377
0014485376
0014485372
0014485367
0014485361
0014485360
0014485357
0014485356
0014485342
0014485337
0014485335
0014485310
0014485303
0014485288
0014485265
0014485245
0014485227
0014485190
0014485179
0014485158
0014485156
0014485153
0014485137
0014485122
0014485118
0014485116
0014485111
0014485106
0014485095
0014485090
0014485087
0014485082
0014485076
0014485069
0014485065
0014485052
0014485049
0014485048
0014485032
0014485019
0014485015
0014485014
0014485011
0014485006
0014485002
0014484999
0014484990
0014484983
0014484978
0014484963
0014484961
0014484960
0014484944
0014484943
0014484941
0014484937
0014484936
0014484931
0014484930
0014484929
0014484894
0014484893
0014484887
0014484868
0014484856
0014484850
0014484848
0014484843
0014484830
0014484810
0014484801
0014484800
0014484791
0014484771
0014484768
0014484767
0014484766
0014484740
0014484737
0014484735
0014484727
0014484724
0014484721
0014484720
0014484717
0014484713
0014484708
0014484699
0014484690
0014484686
0014484684
0014484683
0014484673
0014484665
0014484646
0014484635
0014484634
0014484621
0014484617
0014484615
0014484612
0014484611
0014484592
0014484584
0014484576
0014484564
0014484557
0014484548
0014484542
0014484533
0014484528
0014484524
0014484522
0014484516
0014484501
0014484476
0014484475
0014484469
0014484466
0014484463
0014484455
0014484433
0014484426
0014484425
0014484416
0014484413
0014484412
0014484411
0014484403
0014484397
0014484392
0014484390
0014484373
0014484366
0014484356
0014484347
0014484340
0014484286
0014484281
0014484276
0014484273
0014484266
0014484261
0014484252
0014484243
0014484229
0014484225
0014484207
0014484206
0014484205
0014484204
0014484203
0014484202
0014484200
0014484195
0014484152
0014484149
0014484133
0014484114
0014484110
0014484100
0014484079
0014484072
0014484070
0014484068
0014484050
0014484040
0014484036
0014484035
0014484031
0014483894
0014483885
0014483854
0014483852
0014483851
0014483839
0014483836
0014483830
0014483823
0014483822
0014483819
0014483818
0014483817
0014483806
0014483802
0014483801
0014483800
0014483792
0014483788
0014483787
0014483786
0014483785
0014483781
0014483778
0014483777
0014483776
0014483773
0014483769
0014483768
0014483767
0014483766
0014483765
0014483764
0014483763
0014483762
0014483758
0014483754
0014483753
0014483747
0014483727
0014483724
0014483721
0014483720
0014483716
0014483713
0014483681
0014483664
0014483551
0014483536
0014483535
0014483534
0014483532
0014483505
0014483498
0014483483
0014483482
0014483297
0014483291
0014483286
0014483250